
| Epoch:0   Accuracy:36.02
Recall:
tensor([0.0000, 0.0000, 0.0000, 0.0000, 0.0000, 0.5490, 0.9130, 0.5760, 0.8240,
        0.7400], device='cuda:2')
Precision:
tensor([   nan,    nan,    nan,    nan,    nan, 0.3472, 0.3130, 0.4242, 0.3595,
        0.3996], device='cuda:2')

| Epoch:1   Accuracy:38.40
Recall:
tensor([0.0000, 0.0000, 0.0000, 0.0000, 0.0000, 0.6670, 0.9090, 0.6990, 0.7620,
        0.8030], device='cuda:2')
Precision:
tensor([   nan,    nan,    nan,    nan,    nan, 0.3783, 0.3103, 0.4736, 0.4141,
        0.4031], device='cuda:2')

| Epoch:2   Accuracy:41.12
Recall:
tensor([0.0000, 0.0000, 0.0000, 0.0000, 0.0000, 0.7830, 0.9270, 0.6590, 0.8910,
        0.8520], device='cuda:2')
Precision:
tensor([   nan,    nan,    nan,    nan,    nan, 0.3546, 0.3409, 0.5980, 0.4241,
        0.4556], device='cuda:2')

| Epoch:3   Accuracy:41.53
Recall:
tensor([0.0090, 0.0000, 0.0000, 0.0000, 0.0310, 0.8130, 0.9260, 0.6840, 0.8010,
        0.8890], device='cuda:2')
Precision:
tensor([0.8182,    nan,    nan,    nan, 0.7381, 0.3269, 0.3585, 0.6113, 0.5013,
        0.4116], device='cuda:2')

| Epoch:4   Accuracy:42.91
Recall:
tensor([0.0000, 0.0000, 0.0000, 0.0000, 0.0560, 0.7030, 0.9340, 0.8150, 0.9440,
        0.8390], device='cuda:2')
Precision:
tensor([   nan,    nan,    nan,    nan, 0.6914, 0.3763, 0.3729, 0.5123, 0.3971,
        0.5317], device='cuda:2')

| Epoch:5   Accuracy:43.97
Recall:
tensor([0.1010, 0.0020, 0.0000, 0.0000, 0.0030, 0.8570, 0.8600, 0.7770, 0.9420,
        0.8550], device='cuda:2')
Precision:
tensor([0.8279, 1.0000,    nan,    nan, 1.0000, 0.3315, 0.4262, 0.5415, 0.4469,
        0.4951], device='cuda:2')

| Epoch:6   Accuracy:43.70
Recall:
tensor([0.0540, 0.0000, 0.0000, 0.0000, 0.0160, 0.8110, 0.9070, 0.7400, 0.8900,
        0.9520], device='cuda:2')
Precision:
tensor([0.8060,    nan, 0.0000,    nan, 0.6957, 0.3710, 0.4232, 0.5977, 0.4660,
        0.3916], device='cuda:2')

| Epoch:7   Accuracy:47.02
Recall:
tensor([0.1810, 0.0850, 0.0180, 0.0000, 0.0230, 0.8430, 0.8310, 0.8570, 0.9140,
        0.9500], device='cuda:2')
Precision:
tensor([0.7835, 0.8854, 0.3913,    nan, 0.7667, 0.3774, 0.5596, 0.4386, 0.5513,
        0.4192], device='cuda:2')

| Epoch:8   Accuracy:49.02
Recall:
tensor([0.2360, 0.1920, 0.0030, 0.0000, 0.0150, 0.8530, 0.9040, 0.8390, 0.9420,
        0.9180], device='cuda:2')
Precision:
tensor([0.7173, 0.9143, 0.5000,    nan, 0.8333, 0.3743, 0.4438, 0.5758, 0.4774,
        0.5429], device='cuda:2')

| Epoch:9   Accuracy:46.22
Recall:
tensor([0.0540, 0.0550, 0.0010, 0.0000, 0.0400, 0.7980, 0.9540, 0.8620, 0.9310,
        0.9270], device='cuda:2')
Precision:
tensor([0.8571, 0.9322, 1.0000,    nan, 0.7692, 0.4254, 0.3787, 0.5494, 0.4697,
        0.4933], device='cuda:2')

| Epoch:10   Accuracy:47.60
Recall:
tensor([0.1590, 0.1460, 0.0000, 0.0000, 0.0100, 0.9100, 0.9260, 0.7770, 0.9450,
        0.8870], device='cuda:2')
Precision:
tensor([0.7871, 0.9299,    nan,    nan, 1.0000, 0.3660, 0.4184, 0.5643, 0.4651,
        0.5824], device='cuda:2')

| Epoch:11   Accuracy:49.61
Recall:
tensor([0.3120, 0.0880, 0.0240, 0.0000, 0.0630, 0.9050, 0.8880, 0.7920, 0.9500,
        0.9390], device='cuda:2')
Precision:
tensor([0.7446, 0.9565, 0.7059,    nan, 0.7241, 0.3652, 0.5211, 0.5819, 0.5008,
        0.4870], device='cuda:2')

| Epoch:12   Accuracy:49.73
Recall:
tensor([0.2460, 0.2030, 0.0040, 0.0000, 0.0100, 0.8980, 0.9210, 0.8520, 0.9580,
        0.8810], device='cuda:2')
Precision:
tensor([0.7569, 0.9398, 1.0000,    nan, 1.0000, 0.3729, 0.4517, 0.5305, 0.4893,
        0.6144], device='cuda:2')

| Epoch:13   Accuracy:52.96
Recall:
tensor([0.3810, 0.2980, 0.0080, 0.0000, 0.0920, 0.8590, 0.9600, 0.8410, 0.9640,
        0.8930], device='cuda:2')
Precision:
tensor([0.7148, 0.9613, 0.5333,    nan, 0.6571, 0.4616, 0.3930, 0.5990, 0.4933,
        0.6664], device='cuda:2')

| Epoch:14   Accuracy:55.81
Recall:
tensor([0.3840, 0.6240, 0.0210, 0.0000, 0.0490, 0.7310, 0.9640, 0.9300, 0.9460,
        0.9320], device='cuda:2')
Precision:
tensor([0.7789, 0.8525, 0.8400,    nan, 0.6049, 0.5496, 0.3940, 0.4738, 0.6236,
        0.6601], device='cuda:2')

| Epoch:15   Accuracy:53.37
Recall:
tensor([0.3740, 0.2910, 0.0030, 0.0000, 0.0640, 0.9080, 0.9320, 0.8780, 0.9370,
        0.9500], device='cuda:2')
Precision:
tensor([0.7957, 0.9387, 0.7500,    nan, 0.6598, 0.3882, 0.4518, 0.5838, 0.6431,
        0.5410], device='cuda:2')

| Epoch:16   Accuracy:57.56
Recall:
tensor([0.4660, 0.5210, 0.0510, 0.0000, 0.1390, 0.8600, 0.9560, 0.9130, 0.9650,
        0.8850], device='cuda:2')
Precision:
tensor([0.6863, 0.9542, 0.7727,    nan, 0.7680, 0.4762, 0.4340, 0.5438, 0.5920,
        0.7314], device='cuda:2')

| Epoch:17   Accuracy:59.33
Recall:
tensor([0.7100, 0.4610, 0.0830, 0.0000, 0.0840, 0.9050, 0.9200, 0.8860, 0.9300,
        0.9540], device='cuda:2')
Precision:
tensor([0.6673, 0.9665, 0.7830,    nan, 0.7568, 0.4134, 0.4957, 0.6119, 0.7476,
        0.6339], device='cuda:2')

| Epoch:18   Accuracy:57.28
Recall:
tensor([0.3120, 0.6220, 0.0360, 0.0000, 0.2280, 0.9470, 0.8460, 0.8330, 0.9440,
        0.9600], device='cuda:2')
Precision:
tensor([0.8365, 0.9054, 0.8000,    nan, 0.6667, 0.3373, 0.6244, 0.6601, 0.6028,
        0.6146], device='cuda:2')

| Epoch:19   Accuracy:59.55
Recall:
tensor([0.5710, 0.4170, 0.0980, 0.0000, 0.2230, 0.9030, 0.9560, 0.8840, 0.9480,
        0.9550], device='cuda:2')
Precision:
tensor([0.7695, 0.9743, 0.7259,    nan, 0.6840, 0.4426, 0.4661, 0.6748, 0.6574,
        0.6258], device='cuda:2')

| Epoch:20   Accuracy:59.93
Recall:
tensor([0.4150, 0.6250, 0.1010, 0.0000, 0.2270, 0.8390, 0.9530, 0.9370, 0.9620,
        0.9340], device='cuda:2')
Precision:
tensor([0.7996, 0.9630, 0.6474,    nan, 0.6963, 0.4756, 0.4763, 0.5401, 0.6194,
        0.7201], device='cuda:2')

| Epoch:21   Accuracy:62.49
Recall:
tensor([0.5410, 0.6550, 0.0620, 0.0000, 0.3420, 0.8560, 0.9380, 0.9500, 0.9570,
        0.9480], device='cuda:2')
Precision:
tensor([0.7503, 0.9647, 0.7750,    nan, 0.6641, 0.5053, 0.5597, 0.5191, 0.6519,
        0.7091], device='cuda:2')

| Epoch:22   Accuracy:60.15
Recall:
tensor([0.5820, 0.5580, 0.0960, 0.0000, 0.1410, 0.9230, 0.9350, 0.8730, 0.9350,
        0.9720], device='cuda:2')
Precision:
tensor([0.7539, 0.9772, 0.7500,    nan, 0.7581, 0.4075, 0.4926, 0.6690, 0.7170,
        0.6187], device='cuda:2')

| Epoch:23   Accuracy:60.14
Recall:
tensor([0.3950, 0.7260, 0.0560, 0.0000, 0.2400, 0.9280, 0.8840, 0.9350, 0.9570,
        0.8930], device='cuda:2')
Precision:
tensor([0.8700, 0.9441, 0.7778,    nan, 0.7207, 0.3782, 0.5957, 0.5057, 0.6346,
        0.8292], device='cuda:2')

| Epoch:24   Accuracy:64.42
Recall:
tensor([0.5860, 0.6600, 0.2210, 0.0000, 0.4540, 0.9170, 0.9320, 0.8150, 0.9730,
        0.8840], device='cuda:2')
Precision:
tensor([0.7690, 0.9496, 0.6462,    nan, 0.6921, 0.4415, 0.5673, 0.7277, 0.6014,
        0.8132], device='cuda:2')

| Epoch:25   Accuracy:62.44
Recall:
tensor([0.5480, 0.5460, 0.1370, 0.0000, 0.3910, 0.8720, 0.8930, 0.9650, 0.9680,
        0.9240], device='cuda:2')
Precision:
tensor([0.7611, 0.9856, 0.7829,    nan, 0.6707, 0.5000, 0.6853, 0.4531, 0.6193,
        0.7524], device='cuda:2')

| Epoch:26   Accuracy:60.68
Recall:
tensor([0.4540, 0.7200, 0.0990, 0.0000, 0.2640, 0.9650, 0.9520, 0.7310, 0.9590,
        0.9240], device='cuda:2')
Precision:
tensor([0.8566, 0.9690, 0.7920,    nan, 0.7742, 0.3685, 0.4760, 0.7599, 0.6309,
        0.7966], device='cuda:2')

| Epoch:27   Accuracy:61.87
Recall:
tensor([0.5860, 0.6940, 0.1450, 0.0000, 0.2080, 0.8860, 0.9810, 0.8040, 0.9390,
        0.9440], device='cuda:2')
Precision:
tensor([0.8207, 0.9720, 0.8011,    nan, 0.7969, 0.4560, 0.3595, 0.7643, 0.7891,
        0.7763], device='cuda:2')

| Epoch:28   Accuracy:65.58
Recall:
tensor([0.5470, 0.8110, 0.1990, 0.0000, 0.3110, 0.9340, 0.9430, 0.9190, 0.9690,
        0.9250], device='cuda:2')
Precision:
tensor([0.8226, 0.9441, 0.7509,    nan, 0.7974, 0.4127, 0.5897, 0.6752, 0.6512,
        0.8333], device='cuda:2')

| Epoch:29   Accuracy:62.82
Recall:
tensor([0.5620, 0.6460, 0.1890, 0.0000, 0.1840, 0.8910, 0.9550, 0.9400, 0.9400,
        0.9750], device='cuda:2')
Precision:
tensor([0.8464, 0.9599, 0.8217,    nan, 0.8364, 0.4514, 0.4920, 0.6057, 0.7655,
        0.6423], device='cuda:2')

| Epoch:30   Accuracy:64.27
Recall:
tensor([0.6270, 0.6960, 0.1990, 0.0000, 0.2020, 0.9020, 0.9470, 0.9370, 0.9550,
        0.9620], device='cuda:2')
Precision:
tensor([0.8305, 0.9803, 0.8432,    nan, 0.8178, 0.4481, 0.5326, 0.6222, 0.6711,
        0.7222], device='cuda:2')

| Epoch:31   Accuracy:64.56
Recall:
tensor([0.5610, 0.8460, 0.2470, 0.0000, 0.1120, 0.9200, 0.9250, 0.9250, 0.9710,
        0.9490], device='cuda:2')
Precision:
tensor([0.7924, 0.9603, 0.8179,    nan, 0.8116, 0.4228, 0.6006, 0.6221, 0.6384,
        0.7610], device='cuda:2')

| Epoch:32   Accuracy:65.14
Recall:
tensor([0.6270, 0.8680, 0.1950, 0.0000, 0.1580, 0.9290, 0.9140, 0.9360, 0.9640,
        0.9230], device='cuda:2')
Precision:
tensor([0.8294, 0.9538, 0.8667,    nan, 0.8020, 0.4170, 0.6312, 0.5532, 0.6751,
        0.8271], device='cuda:2')

| Epoch:33   Accuracy:62.39
Recall:
tensor([0.6440, 0.6520, 0.0980, 0.0000, 0.1310, 0.8930, 0.9300, 0.9520, 0.9790,
        0.9600], device='cuda:2')
Precision:
tensor([0.7419, 0.9909, 0.9608,    nan, 0.8291, 0.4563, 0.5737, 0.5636, 0.5962,
        0.7356], device='cuda:2')

| Epoch:34   Accuracy:63.49
Recall:
tensor([0.6290, 0.7980, 0.0940, 0.0000, 0.1250, 0.9000, 0.9280, 0.9530, 0.9660,
        0.9560], device='cuda:2')
Precision:
tensor([0.8095, 0.9791, 0.9792,    nan, 0.8741, 0.4180, 0.5991, 0.5521, 0.6501,
        0.7618], device='cuda:2')

| Epoch:35   Accuracy:65.99
Recall:
tensor([0.6940, 0.7900, 0.0890, 0.0000, 0.2910, 0.9200, 0.9370, 0.9400, 0.9730,
        0.9650], device='cuda:2')
Precision:
tensor([0.8032, 0.9850, 0.9674,    nan, 0.8410, 0.4311, 0.5871, 0.6412, 0.6906,
        0.7475], device='cuda:2')

| Epoch:36   Accuracy:66.45
Recall:
tensor([0.7060, 0.7830, 0.1950, 0.0000, 0.2480, 0.9320, 0.9370, 0.9290, 0.9710,
        0.9440], device='cuda:2')
Precision:
tensor([0.8069, 0.9824, 0.8945,    nan, 0.8581, 0.4153, 0.5805, 0.6372, 0.7001,
        0.8444], device='cuda:2')

| Epoch:37   Accuracy:67.48
Recall:
tensor([0.6520, 0.8770, 0.2870, 0.0000, 0.2110, 0.8930, 0.9670, 0.9470, 0.9660,
        0.9480], device='cuda:2')
Precision:
tensor([0.8359, 0.9627, 0.8645,    nan, 0.8577, 0.4928, 0.5160, 0.6020, 0.7313,
        0.8236], device='cuda:2')

| Epoch:38   Accuracy:66.61
Recall:
tensor([0.6780, 0.8240, 0.2030, 0.0000, 0.2500, 0.9270, 0.9510, 0.9010, 0.9750,
        0.9520], device='cuda:2')
Precision:
tensor([0.8360, 0.9740, 0.8865,    nan, 0.8711, 0.4176, 0.5370, 0.7331, 0.6743,
        0.8200], device='cuda:2')

| Epoch:39   Accuracy:65.50
Recall:
tensor([0.5550, 0.6930, 0.2470, 0.0000, 0.2720, 0.9300, 0.9570, 0.9500, 0.9740,
        0.9720], device='cuda:2')
Precision:
tensor([0.8894, 0.9900, 0.8152,    nan, 0.8690, 0.4615, 0.5606, 0.6415, 0.6404,
        0.7275], device='cuda:2')

| Epoch:40   Accuracy:65.45
Recall:
tensor([0.6340, 0.6980, 0.2190, 0.0000, 0.2420, 0.9200, 0.9430, 0.9400, 0.9780,
        0.9710], device='cuda:2')
Precision:
tensor([0.8793, 0.9943, 0.8939,    nan, 0.9132, 0.4249, 0.5691, 0.6519, 0.6694,
        0.7235], device='cuda:2')

| Epoch:41   Accuracy:69.15
Recall:
tensor([0.7200, 0.8100, 0.3180, 0.0000, 0.3170, 0.8930, 0.9500, 0.9660, 0.9760,
        0.9650], device='cuda:2')
Precision:
tensor([0.8210, 0.9854, 0.8641,    nan, 0.8733, 0.4620, 0.6511, 0.5584, 0.7631,
        0.8255], device='cuda:2')

| Epoch:42   Accuracy:68.21
Recall:
tensor([0.7580, 0.8510, 0.3460, 0.0000, 0.1190, 0.9010, 0.9410, 0.9760, 0.9640,
        0.9650], device='cuda:2')
Precision:
tensor([0.8330, 0.9827, 0.8586,    nan, 0.9444, 0.4798, 0.6273, 0.5091, 0.7915,
        0.8164], device='cuda:2')

| Epoch:43   Accuracy:68.65
Recall:
tensor([0.7910, 0.8380, 0.2160, 0.0000, 0.2460, 0.9330, 0.9620, 0.9550, 0.9620,
        0.9620], device='cuda:2')
Precision:
tensor([0.8222, 0.9859, 0.9310,    nan, 0.9145, 0.4411, 0.5672, 0.6262, 0.7990,
        0.8387], device='cuda:2')

| Epoch:44   Accuracy:66.21
Recall:
tensor([0.5370, 0.9270, 0.2700, 0.0000, 0.1680, 0.9590, 0.9720, 0.9000, 0.9640,
        0.9240], device='cuda:2')
Precision:
tensor([0.9227, 0.9169, 0.8232,    nan, 0.9600, 0.4008, 0.4826, 0.8094, 0.7226,
        0.8792], device='cuda:2')

| Epoch:45   Accuracy:69.35
Recall:
tensor([0.6650, 0.8190, 0.3310, 0.0000, 0.3360, 0.9130, 0.9530, 0.9720, 0.9710,
        0.9750], device='cuda:2')
Precision:
tensor([0.8515, 0.9856, 0.8711,    nan, 0.8936, 0.4880, 0.6005, 0.6148, 0.7268,
        0.7757], device='cuda:2')

| Epoch:46   Accuracy:67.42
Recall:
tensor([0.6820, 0.6660, 0.2570, 0.0000, 0.3440, 0.9170, 0.9630, 0.9640, 0.9720,
        0.9770], device='cuda:2')
Precision:
tensor([0.8600, 0.9925, 0.8986,    nan, 0.9101, 0.4456, 0.5589, 0.6483, 0.7987,
        0.7044], device='cuda:2')

| Epoch:47   Accuracy:69.63
Recall:
tensor([0.6440, 0.8490, 0.3370, 0.0000, 0.3430, 0.9270, 0.9640, 0.9530, 0.9740,
        0.9720], device='cuda:2')
Precision:
tensor([0.9007, 0.9826, 0.8663,    nan, 0.8750, 0.4522, 0.5772, 0.6674, 0.7568,
        0.8066], device='cuda:2')

| Epoch:48   Accuracy:69.57
Recall:
tensor([0.7580, 0.8380, 0.3140, 0.0000, 0.2430, 0.9210, 0.9700, 0.9770, 0.9680,
        0.9680], device='cuda:2')
Precision:
tensor([0.8783, 0.9870, 0.8971,    nan, 0.9135, 0.4656, 0.5706, 0.6053, 0.7941,
        0.8338], device='cuda:2')

| Epoch:49   Accuracy:68.54
Recall:
tensor([0.6430, 0.6660, 0.3570, 0.0000, 0.3620, 0.9330, 0.9680, 0.9680, 0.9740,
        0.9830], device='cuda:2')
Precision:
tensor([0.9006, 1.0000, 0.8440,    nan, 0.9211, 0.4589, 0.6193, 0.6428, 0.7073,
        0.7419], device='cuda:2')

| Epoch:50   Accuracy:71.87
Recall:
tensor([0.7310, 0.8060, 0.3990, 0.0000, 0.4570, 0.9650, 0.9430, 0.9390, 0.9760,
        0.9710], device='cuda:2')
Precision:
tensor([0.9081, 0.9926, 0.8544,    nan, 0.9403, 0.4048, 0.6954, 0.7257, 0.7993,
        0.8264], device='cuda:2')

| Epoch:51   Accuracy:72.18
Recall:
tensor([0.7470, 0.8180, 0.3300, 0.0000, 0.5000, 0.9530, 0.9600, 0.9510, 0.9750,
        0.9840], device='cuda:2')
Precision:
tensor([0.8676, 0.9915, 0.9192,    nan, 0.8881, 0.4285, 0.6911, 0.7065, 0.8125,
        0.7981], device='cuda:2')

| Epoch:52   Accuracy:73.14
Recall:
tensor([0.7800, 0.8560, 0.3490, 0.0000, 0.5110, 0.9340, 0.9750, 0.9600, 0.9740,
        0.9750], device='cuda:2')
Precision:
tensor([0.8834, 0.9862, 0.9282,    nan, 0.9028, 0.4741, 0.5881, 0.7323, 0.8192,
        0.8270], device='cuda:2')

| Epoch:53   Accuracy:72.57
Recall:
tensor([0.7730, 0.8520, 0.3730, 0.0000, 0.4360, 0.9560, 0.9820, 0.9340, 0.9820,
        0.9690], device='cuda:2')
Precision:
tensor([0.8784, 0.9895, 0.9348,    nan, 0.9296, 0.4453, 0.5726, 0.8010, 0.8069,
        0.8455], device='cuda:2')

| Epoch:54   Accuracy:72.89
Recall:
tensor([0.7520, 0.8960, 0.3990, 0.0000, 0.4240, 0.9280, 0.9770, 0.9560, 0.9790,
        0.9780], device='cuda:2')
Precision:
tensor([0.8644, 0.9846, 0.8926,    nan, 0.9319, 0.4851, 0.5788, 0.7326, 0.8104,
        0.8123], device='cuda:2')

| Epoch:55   Accuracy:66.67
Recall:
tensor([0.3170, 0.8290, 0.3160, 0.0000, 0.3970, 0.9550, 0.9440, 0.9580, 0.9690,
        0.9820], device='cuda:2')
Precision:
tensor([0.9635, 0.9811, 0.9003,    nan, 0.8668, 0.4050, 0.6583, 0.6709, 0.7012,
        0.6940], device='cuda:2')

| Epoch:56   Accuracy:72.01
Recall:
tensor([0.5640, 0.8670, 0.3900, 0.0000, 0.5330, 0.9430, 0.9780, 0.9640, 0.9860,
        0.9760], device='cuda:2')
Precision:
tensor([0.9495, 0.9886, 0.8824,    nan, 0.8958, 0.4777, 0.5767, 0.7700, 0.7008,
        0.8392], device='cuda:2')

| Epoch:57   Accuracy:69.70
Recall:
tensor([0.5960, 0.8600, 0.3330, 0.0000, 0.3340, 0.9630, 0.9680, 0.9540, 0.9830,
        0.9790], device='cuda:2')
Precision:
tensor([0.9298, 0.9919, 0.9098,    nan, 0.9681, 0.4107, 0.6319, 0.7227, 0.7123,
        0.8131], device='cuda:2')

| Epoch:58   Accuracy:72.91
Recall:
tensor([0.7160, 0.8750, 0.4380, 0.0000, 0.4210, 0.9580, 0.9700, 0.9570, 0.9770,
        0.9790], device='cuda:2')
Precision:
tensor([0.9063, 0.9887, 0.8690,    nan, 0.9546, 0.4386, 0.5991, 0.7864, 0.8169,
        0.8411], device='cuda:2')

| Epoch:59   Accuracy:70.72
Recall:
tensor([0.4760, 0.7960, 0.3920, 0.0000, 0.5630, 0.9660, 0.9590, 0.9550, 0.9860,
        0.9790], device='cuda:2')
Precision:
tensor([0.9616, 0.9962, 0.8809,    nan, 0.9066, 0.4013, 0.7309, 0.7945, 0.6649,
        0.7921], device='cuda:2')

| Epoch:60   Accuracy:73.38
Recall:
tensor([0.7400, 0.8530, 0.3290, 0.0000, 0.5570, 0.9610, 0.9790, 0.9610, 0.9870,
        0.9710], device='cuda:2')
Precision:
tensor([0.9102, 0.9965, 0.9242,    nan, 0.9013, 0.4544, 0.6134, 0.7884, 0.7633,
        0.8563], device='cuda:2')

| Epoch:61   Accuracy:71.46
Recall:
tensor([0.5910, 0.8600, 0.3280, 0.0000, 0.5150, 0.9640, 0.9730, 0.9560, 0.9820,
        0.9770], device='cuda:2')
Precision:
tensor([0.9426, 0.9862, 0.9292,    nan, 0.9313, 0.4228, 0.6166, 0.7842, 0.7462,
        0.8128], device='cuda:2')

| Epoch:62   Accuracy:72.39
Recall:
tensor([0.6640, 0.8810, 0.3920, 0.0000, 0.4740, 0.9220, 0.9880, 0.9740, 0.9820,
        0.9620], device='cuda:2')
Precision:
tensor([0.9513, 0.9866, 0.8770,    nan, 0.9276, 0.5154, 0.4938, 0.7301, 0.7907,
        0.8866], device='cuda:2')

| Epoch:63   Accuracy:73.73
Recall:
tensor([0.6390, 0.8510, 0.5920, 0.0000, 0.4440, 0.9400, 0.9810, 0.9600, 0.9790,
        0.9870], device='cuda:2')
Precision:
tensor([0.9439, 0.9942, 0.7978,    nan, 0.9590, 0.4898, 0.6011, 0.7895, 0.7733,
        0.8031], device='cuda:2')

| Epoch:64   Accuracy:75.10
Recall:
tensor([0.7580, 0.9170, 0.5410, 0.0000, 0.4580, 0.9360, 0.9750, 0.9770, 0.9770,
        0.9710], device='cuda:2')
Precision:
tensor([0.9255, 0.9755, 0.8414,    nan, 0.9443, 0.5115, 0.6290, 0.6761, 0.8252,
        0.8795], device='cuda:2')

| Epoch:65   Accuracy:75.11
Recall:
tensor([0.6840, 0.8900, 0.4360, 0.0000, 0.6400, 0.9640, 0.9680, 0.9650, 0.9820,
        0.9820], device='cuda:2')
Precision:
tensor([0.9306, 0.9933, 0.9458,    nan, 0.8976, 0.4277, 0.7372, 0.7708, 0.7945,
        0.8614], device='cuda:2')

| Epoch:66   Accuracy:72.65
Recall:
tensor([0.7200, 0.8330, 0.3960, 0.0000, 0.4540, 0.9600, 0.9780, 0.9620, 0.9840,
        0.9780], device='cuda:2')
Precision:
tensor([0.9219, 0.9964, 0.9231,    nan, 0.9419, 0.4394, 0.6434, 0.7411, 0.7593,
        0.8338], device='cuda:2')

| Epoch:67   Accuracy:75.00
Recall:
tensor([0.7110, 0.9380, 0.4320, 0.0000, 0.5660, 0.9560, 0.9730, 0.9700, 0.9850,
        0.9690], device='cuda:2')
Precision:
tensor([0.9080, 0.9781, 0.9310,    nan, 0.9294, 0.4467, 0.6940, 0.7680, 0.7893,
        0.8560], device='cuda:2')

| Epoch:68   Accuracy:74.66
Recall:
tensor([0.7600, 0.8600, 0.4600, 0.0000, 0.5310, 0.9540, 0.9690, 0.9760, 0.9810,
        0.9750], device='cuda:2')
Precision:
tensor([0.9257, 0.9942, 0.9256,    nan, 0.9432, 0.4406, 0.7606, 0.6608, 0.8363,
        0.8369], device='cuda:2')

| Epoch:69   Accuracy:77.15
Recall:
tensor([0.7710, 0.9110, 0.5390, 0.0000, 0.6460, 0.9570, 0.9700, 0.9650, 0.9820,
        0.9740], device='cuda:2')
Precision:
tensor([0.9168, 0.9838, 0.8968,    nan, 0.9150, 0.4443, 0.7760, 0.7923, 0.8329,
        0.8658], device='cuda:2')

| Epoch:70   Accuracy:75.72
Recall:
tensor([0.6990, 0.8870, 0.5470, 0.0000, 0.5780, 0.9580, 0.9760, 0.9710, 0.9900,
        0.9660], device='cuda:2')
Precision:
tensor([0.9209, 0.9911, 0.8851,    nan, 0.9398, 0.4648, 0.6912, 0.7914, 0.7692,
        0.8579], device='cuda:2')

| Epoch:71   Accuracy:75.52
Recall:
tensor([0.7430, 0.8850, 0.5060, 0.0010, 0.5580, 0.9530, 0.9630, 0.9800, 0.9800,
        0.9830], device='cuda:2')
Precision:
tensor([0.8984, 0.9888, 0.9068, 1.0000, 0.9331, 0.4838, 0.7133, 0.7391, 0.8221,
        0.7662], device='cuda:2')

| Epoch:72   Accuracy:74.48
Recall:
tensor([0.7180, 0.8740, 0.4200, 0.0000, 0.5940, 0.9690, 0.9660, 0.9420, 0.9870,
        0.9780], device='cuda:2')
Precision:
tensor([0.9313, 0.9898, 0.9313,    nan, 0.9429, 0.4246, 0.6880, 0.8464, 0.7651,
        0.8316], device='cuda:2')

| Epoch:73   Accuracy:75.37
Recall:
tensor([0.7550, 0.8790, 0.5060, 0.0000, 0.5210, 0.9740, 0.9720, 0.9640, 0.9850,
        0.9810], device='cuda:2')
Precision:
tensor([0.9174, 0.9943, 0.9234,    nan, 0.9648, 0.4233, 0.7173, 0.7947, 0.8291,
        0.8545], device='cuda:2')

| Epoch:74   Accuracy:75.72
Recall:
tensor([0.7910, 0.8830, 0.4390, 0.0000, 0.6020, 0.9710, 0.9690, 0.9600, 0.9840,
        0.9730], device='cuda:2')
Precision:
tensor([0.8848, 0.9921, 0.9523,    nan, 0.9290, 0.4471, 0.7094, 0.8094, 0.7961,
        0.8483], device='cuda:2')

| Epoch:75   Accuracy:76.23
Recall:
tensor([0.8060, 0.9100, 0.5230, 0.0000, 0.5230, 0.9780, 0.9790, 0.9540, 0.9850,
        0.9650], device='cuda:2')
Precision:
tensor([0.8657, 0.9848, 0.9356,    nan, 0.9579, 0.4431, 0.6818, 0.8383, 0.8236,
        0.9078], device='cuda:2')

| Epoch:76   Accuracy:75.96
Recall:
tensor([0.8520, 0.9210, 0.4690, 0.0000, 0.5020, 0.9590, 0.9830, 0.9630, 0.9820,
        0.9650], device='cuda:2')
Precision:
tensor([0.8537, 0.9893, 0.9513,    nan, 0.9580, 0.4671, 0.6285, 0.7874, 0.8458,
        0.9164], device='cuda:2')

| Epoch:77   Accuracy:73.73
Recall:
tensor([0.6900, 0.8690, 0.3850, 0.0000, 0.5530, 0.9670, 0.9750, 0.9620, 0.9860,
        0.9860], device='cuda:2')
Precision:
tensor([0.9163, 0.9931, 0.9601,    nan, 0.9325, 0.4334, 0.7009, 0.7684, 0.7596,
        0.8176], device='cuda:2')

| Epoch:78   Accuracy:77.59
Recall:
tensor([0.8070, 0.8460, 0.5840, 0.0140, 0.6360, 0.9590, 0.9810, 0.9700, 0.9820,
        0.9800], device='cuda:2')
Precision:
tensor([0.9108, 0.9953, 0.9068, 0.9333, 0.9339, 0.4826, 0.7187, 0.8083, 0.8350,
        0.8194], device='cuda:2')

| Epoch:79   Accuracy:75.80
Recall:
tensor([0.7730, 0.9210, 0.4990, 0.0020, 0.5200, 0.9670, 0.9840, 0.9620, 0.9760,
        0.9760], device='cuda:2')
Precision:
tensor([0.9257, 0.9903, 0.9345, 1.0000, 0.9594, 0.4685, 0.6146, 0.7885, 0.8313,
        0.8889], device='cuda:2')

| Epoch:80   Accuracy:76.81
Recall:
tensor([0.7860, 0.7980, 0.6210, 0.0120, 0.6130, 0.9170, 0.9780, 0.9820, 0.9860,
        0.9880], device='cuda:2')
Precision:
tensor([0.8831, 0.9987, 0.8746, 1.0000, 0.9387, 0.5475, 0.6936, 0.7345, 0.7894,
        0.7810], device='cuda:2')

| Epoch:81   Accuracy:75.81
Recall:
tensor([0.7120, 0.8670, 0.4550, 0.0000, 0.6700, 0.9780, 0.9890, 0.9370, 0.9860,
        0.9870], device='cuda:2')
Precision:
tensor([0.9247, 0.9954, 0.9599,    nan, 0.9344, 0.4324, 0.6835, 0.9027, 0.8122,
        0.8177], device='cuda:2')

| Epoch:82   Accuracy:76.50
Recall:
tensor([0.8090, 0.8730, 0.4940, 0.0050, 0.5930, 0.9680, 0.9740, 0.9660, 0.9860,
        0.9820], device='cuda:2')
Precision:
tensor([0.8718, 0.9887, 0.9537, 1.0000, 0.9473, 0.4528, 0.7580, 0.7944, 0.7882,
        0.8539], device='cuda:2')

| Epoch:83   Accuracy:75.77
Recall:
tensor([0.7850, 0.8550, 0.4360, 0.0060, 0.6090, 0.9590, 0.9820, 0.9730, 0.9830,
        0.9890], device='cuda:2')
Precision:
tensor([0.8860, 0.9988, 0.9582, 1.0000, 0.9269, 0.4841, 0.6631, 0.7608, 0.8212,
        0.8228], device='cuda:2')

| Epoch:84   Accuracy:77.21
Recall:
tensor([0.8310, 0.8800, 0.5220, 0.0160, 0.6000, 0.9560, 0.9780, 0.9730, 0.9860,
        0.9790], device='cuda:2')
Precision:
tensor([0.8488, 0.9921, 0.9372, 1.0000, 0.9494, 0.5187, 0.6811, 0.8081, 0.7907,
        0.8165], device='cuda:2')

| Epoch:85   Accuracy:77.67
Recall:
tensor([0.7860, 0.8760, 0.5410, 0.0120, 0.6770, 0.9700, 0.9750, 0.9660, 0.9870,
        0.9770], device='cuda:2')
Precision:
tensor([0.9291, 0.9955, 0.9108, 0.9231, 0.9351, 0.4545, 0.7775, 0.7899, 0.8184,
        0.8677], device='cuda:2')

| Epoch:86   Accuracy:77.52
Recall:
tensor([0.8150, 0.8240, 0.4950, 0.0140, 0.7410, 0.9710, 0.9850, 0.9390, 0.9830,
        0.9850], device='cuda:2')
Precision:
tensor([0.9157, 0.9988, 0.9465, 0.9333, 0.9171, 0.4479, 0.7174, 0.9099, 0.8481,
        0.8161], device='cuda:2')

| Epoch:87   Accuracy:76.18
Recall:
tensor([0.7890, 0.8970, 0.4700, 0.0170, 0.5730, 0.9730, 0.9820, 0.9510, 0.9820,
        0.9840], device='cuda:2')
Precision:
tensor([0.9217, 0.9912, 0.9381, 0.9444, 0.9518, 0.4482, 0.6331, 0.8757, 0.8429,
        0.8594], device='cuda:2')

| Epoch:88   Accuracy:78.99
Recall:
tensor([0.7970, 0.9160, 0.6140, 0.0180, 0.6970, 0.9720, 0.9710, 0.9560, 0.9860,
        0.9720], device='cuda:2')
Precision:
tensor([0.9057, 0.9849, 0.9192, 1.0000, 0.9256, 0.4741, 0.7574, 0.8628, 0.8016,
        0.8992], device='cuda:2')

| Epoch:89   Accuracy:78.72
Recall:
tensor([0.7850, 0.9270, 0.5310, 0.0130, 0.7370, 0.9710, 0.9750, 0.9700, 0.9810,
        0.9820], device='cuda:2')
Precision:
tensor([0.9323, 0.9810, 0.9516, 1.0000, 0.9121, 0.4464, 0.7659, 0.8531, 0.8643,
        0.8815], device='cuda:2')

| Epoch:90   Accuracy:78.35
Recall:
tensor([0.8370, 0.9310, 0.5000, 0.0180, 0.6730, 0.9730, 0.9820, 0.9620, 0.9790,
        0.9800], device='cuda:2')
Precision:
tensor([0.9188, 0.9821, 0.9470, 1.0000, 0.9360, 0.4494, 0.7237, 0.8307, 0.8924,
        0.8917], device='cuda:2')

| Epoch:91   Accuracy:77.72
Recall:
tensor([0.7810, 0.8910, 0.5190, 0.0400, 0.6620, 0.9800, 0.9800, 0.9560, 0.9810,
        0.9820], device='cuda:2')
Precision:
tensor([0.9342, 0.9878, 0.9540, 0.9302, 0.9403, 0.4465, 0.7081, 0.8505, 0.8636,
        0.8675], device='cuda:2')

| Epoch:92   Accuracy:76.02
Recall:
tensor([0.8030, 0.8430, 0.4680, 0.0360, 0.5740, 0.9790, 0.9760, 0.9590, 0.9890,
        0.9750], device='cuda:2')
Precision:
tensor([0.9125, 0.9965, 0.9590, 0.9730, 0.9680, 0.4301, 0.7124, 0.8317, 0.8107,
        0.8575], device='cuda:2')

| Epoch:93   Accuracy:76.63
Recall:
tensor([0.7830, 0.8650, 0.4490, 0.0120, 0.6650, 0.9770, 0.9670, 0.9760, 0.9920,
        0.9770], device='cuda:2')
Precision:
tensor([0.8918, 0.9977, 0.9656, 1.0000, 0.8986, 0.4441, 0.7780, 0.7961, 0.7974,
        0.8684], device='cuda:2')

| Epoch:94   Accuracy:78.46
Recall:
tensor([0.8700, 0.8640, 0.5450, 0.0170, 0.6750, 0.9590, 0.9810, 0.9760, 0.9750,
        0.9840], device='cuda:2')
Precision:
tensor([0.8521, 0.9931, 0.9413, 1.0000, 0.9441, 0.4979, 0.7155, 0.8215, 0.8613,
        0.8332], device='cuda:2')

| Epoch:95   Accuracy:78.59
Recall:
tensor([0.8660, 0.8510, 0.5440, 0.0670, 0.6470, 0.9530, 0.9890, 0.9790, 0.9780,
        0.9850], device='cuda:2')
Precision:
tensor([0.8946, 0.9977, 0.9428, 0.9853, 0.9473, 0.5154, 0.6550, 0.8058, 0.8756,
        0.8491], device='cuda:2')

| Epoch:96   Accuracy:79.64
Recall:
tensor([0.7850, 0.9050, 0.5990, 0.0360, 0.7550, 0.9700, 0.9710, 0.9750, 0.9940,
        0.9740], device='cuda:2')
Precision:
tensor([0.9075, 0.9902, 0.9448, 1.0000, 0.9185, 0.4769, 0.8146, 0.8545, 0.7729,
        0.9052], device='cuda:2')

| Epoch:97   Accuracy:79.45
Recall:
tensor([0.8450, 0.8620, 0.5860, 0.0620, 0.7200, 0.9660, 0.9800, 0.9660, 0.9810,
        0.9770], device='cuda:2')
Precision:
tensor([0.8914, 0.9942, 0.9452, 1.0000, 0.9266, 0.4852, 0.7556, 0.8481, 0.8292,
        0.8754], device='cuda:2')

| Epoch:98   Accuracy:75.81
Recall:
tensor([0.7820, 0.8540, 0.5630, 0.0210, 0.4580, 0.9800, 0.9770, 0.9740, 0.9840,
        0.9880], device='cuda:2')
Precision:
tensor([0.9243, 0.9977, 0.9306, 1.0000, 0.9683, 0.4363, 0.7324, 0.7706, 0.8425,
        0.8324], device='cuda:2')

| Epoch:99   Accuracy:77.97
Recall:
tensor([0.8230, 0.8970, 0.5380, 0.0150, 0.6430, 0.9540, 0.9820, 0.9790, 0.9890,
        0.9770], device='cuda:2')
Precision:
tensor([0.9104, 0.9901, 0.9422, 1.0000, 0.9512, 0.4867, 0.6731, 0.8158, 0.8207,
        0.8850], device='cuda:2')

| Epoch:100   Accuracy:79.80
Recall:
tensor([0.8610, 0.8630, 0.5440, 0.1100, 0.7280, 0.9450, 0.9780, 0.9840, 0.9850,
        0.9820], device='cuda:2')
Precision:
tensor([0.8525, 0.9965, 0.9561, 0.9565, 0.9381, 0.5136, 0.8010, 0.7593, 0.8521,
        0.8532], device='cuda:2')

| Epoch:101   Accuracy:78.77
Recall:
tensor([0.7550, 0.8520, 0.4450, 0.1640, 0.7890, 0.9520, 0.9710, 0.9840, 0.9920,
        0.9730], device='cuda:2')
Precision:
tensor([0.8956, 0.9942, 0.9780, 0.9591, 0.8845, 0.5324, 0.7658, 0.7987, 0.7397,
        0.8439], device='cuda:2')

| Epoch:102   Accuracy:79.35
Recall:
tensor([0.8260, 0.8760, 0.5620, 0.0910, 0.6840, 0.9600, 0.9860, 0.9810, 0.9880,
        0.9810], device='cuda:2')
Precision:
tensor([0.8959, 0.9932, 0.9477, 1.0000, 0.9448, 0.5047, 0.7596, 0.7880, 0.8186,
        0.8636], device='cuda:2')

| Epoch:103   Accuracy:78.92
Recall:
tensor([0.8180, 0.8570, 0.5510, 0.1510, 0.6310, 0.9680, 0.9840, 0.9680, 0.9700,
        0.9940], device='cuda:2')
Precision:
tensor([0.9039, 0.9965, 0.9549, 0.9742, 0.9619, 0.4946, 0.7382, 0.8338, 0.8645,
        0.7802], device='cuda:2')

| Epoch:104   Accuracy:79.35
Recall:
tensor([0.8480, 0.8640, 0.4710, 0.1100, 0.7490, 0.9720, 0.9880, 0.9660, 0.9860,
        0.9810], device='cuda:2')
Precision:
tensor([0.8833, 0.9965, 0.9752, 0.9821, 0.9293, 0.5000, 0.7093, 0.8718, 0.8286,
        0.8628], device='cuda:2')

| Epoch:105   Accuracy:80.11
Recall:
tensor([0.8370, 0.8680, 0.4830, 0.1660, 0.7580, 0.9690, 0.9830, 0.9760, 0.9870,
        0.9840], device='cuda:2')
Precision:
tensor([0.8952, 0.9954, 0.9679, 0.9940, 0.9267, 0.5105, 0.7498, 0.8356, 0.8479,
        0.8425], device='cuda:2')

| Epoch:106   Accuracy:79.73
Recall:
tensor([0.7790, 0.8770, 0.5210, 0.2030, 0.7070, 0.9790, 0.9730, 0.9600, 0.9870,
        0.9870], device='cuda:2')
Precision:
tensor([0.9241, 0.9955, 0.9421, 0.9621, 0.9389, 0.4716, 0.7728, 0.9040, 0.8273,
        0.8443], device='cuda:2')

| Epoch:107   Accuracy:81.01
Recall:
tensor([0.8030, 0.9380, 0.6400, 0.1630, 0.6860, 0.9660, 0.9830, 0.9590, 0.9910,
        0.9720], device='cuda:2')
Precision:
tensor([0.9135, 0.9801, 0.9209, 0.9819, 0.9528, 0.5442, 0.7016, 0.8609, 0.8224,
        0.8934], device='cuda:2')

| Epoch:108   Accuracy:81.23
Recall:
tensor([0.8520, 0.9060, 0.6840, 0.1830, 0.6300, 0.9520, 0.9840, 0.9730, 0.9850,
        0.9740], device='cuda:2')
Precision:
tensor([0.8793, 0.9912, 0.8906, 0.9734, 0.9783, 0.5610, 0.7059, 0.8359, 0.8383,
        0.8960], device='cuda:2')

| Epoch:109   Accuracy:80.67
Recall:
tensor([0.8410, 0.8770, 0.5680, 0.1640, 0.7330, 0.9700, 0.9870, 0.9530, 0.9850,
        0.9890], device='cuda:2')
Precision:
tensor([0.9092, 0.9989, 0.9546, 0.9880, 0.9373, 0.5336, 0.6746, 0.9102, 0.8580,
        0.8396], device='cuda:2')

| Epoch:110   Accuracy:81.88
Recall:
tensor([0.9010, 0.9100, 0.5210, 0.2080, 0.7680, 0.9690, 0.9900, 0.9670, 0.9770,
        0.9770], device='cuda:2')
Precision:
tensor([0.8697, 0.9913, 0.9812, 0.9720, 0.9481, 0.5362, 0.6899, 0.8954, 0.9038,
        0.8980], device='cuda:2')

| Epoch:111   Accuracy:78.10
Recall:
tensor([0.7730, 0.9100, 0.5670, 0.1230, 0.5970, 0.9820, 0.9760, 0.9110, 0.9870,
        0.9840], device='cuda:2')
Precision:
tensor([0.9105, 0.9859, 0.9513, 0.9840, 0.9723, 0.4462, 0.7047, 0.9480, 0.8225,
        0.8586], device='cuda:2')

| Epoch:112   Accuracy:81.01
Recall:
tensor([0.8660, 0.8810, 0.6130, 0.1440, 0.7110, 0.9670, 0.9780, 0.9770, 0.9860,
        0.9780], device='cuda:2')
Precision:
tensor([0.8677, 0.9899, 0.9533, 0.9863, 0.9544, 0.5205, 0.8010, 0.8021, 0.8581,
        0.8640], device='cuda:2')

| Epoch:113   Accuracy:81.26
Recall:
tensor([0.8030, 0.9130, 0.6640, 0.1290, 0.7190, 0.9730, 0.9830, 0.9710, 0.9900,
        0.9810], device='cuda:2')
Precision:
tensor([0.9370, 0.9849, 0.9274, 0.9847, 0.9374, 0.5100, 0.7602, 0.8748, 0.8369,
        0.8854], device='cuda:2')

| Epoch:114   Accuracy:78.88
Recall:
tensor([0.8470, 0.9320, 0.5130, 0.0700, 0.6340, 0.9840, 0.9870, 0.9720, 0.9810,
        0.9680], device='cuda:2')
Precision:
tensor([0.9197, 0.9811, 0.9846, 1.0000, 0.9534, 0.4503, 0.7030, 0.8617, 0.8886,
        0.9202], device='cuda:2')

| Epoch:115   Accuracy:80.88
Recall:
tensor([0.7790, 0.9200, 0.6200, 0.1360, 0.7320, 0.9750, 0.9880, 0.9740, 0.9840,
        0.9800], device='cuda:2')
Precision:
tensor([0.9465, 0.9861, 0.9240, 1.0000, 0.9482, 0.5086, 0.7113, 0.8728, 0.8739,
        0.8774], device='cuda:2')

| Epoch:116   Accuracy:80.35
Recall:
tensor([0.8530, 0.8980, 0.6140, 0.1390, 0.6590, 0.9820, 0.9760, 0.9470, 0.9820,
        0.9850], device='cuda:2')
Precision:
tensor([0.9046, 0.9934, 0.9461, 0.9789, 0.9705, 0.4694, 0.7405, 0.9036, 0.9059,
        0.8633], device='cuda:2')

| Epoch:117   Accuracy:80.24
Recall:
tensor([0.8190, 0.8980, 0.5580, 0.1760, 0.6750, 0.9730, 0.9890, 0.9650, 0.9910,
        0.9800], device='cuda:2')
Precision:
tensor([0.9020, 0.9945, 0.9588, 1.0000, 0.9441, 0.5170, 0.7090, 0.8725, 0.8314,
        0.8589], device='cuda:2')

| Epoch:118   Accuracy:78.80
Recall:
tensor([0.8500, 0.8860, 0.4860, 0.1820, 0.5780, 0.9790, 0.9810, 0.9660, 0.9850,
        0.9870], device='cuda:2')
Precision:
tensor([0.9101, 0.9933, 0.9681, 0.9733, 0.9731, 0.4714, 0.7326, 0.8010, 0.8656,
        0.8727], device='cuda:2')

| Epoch:119   Accuracy:80.23
Recall:
tensor([0.8170, 0.8160, 0.5690, 0.2040, 0.7210, 0.9650, 0.9770, 0.9820, 0.9820,
        0.9900], device='cuda:2')
Precision:
tensor([0.9200, 0.9988, 0.9677, 0.9761, 0.9487, 0.4949, 0.8094, 0.8102, 0.8614,
        0.8055], device='cuda:2')

| Epoch:120   Accuracy:83.31
Recall:
tensor([0.8700, 0.8660, 0.7110, 0.3020, 0.7030, 0.9640, 0.9760, 0.9740, 0.9740,
        0.9910], device='cuda:2')
Precision:
tensor([0.9072, 0.9965, 0.9174, 0.9408, 0.9630, 0.5786, 0.7697, 0.8627, 0.8775,
        0.8448], device='cuda:2')

| Epoch:121   Accuracy:81.46
Recall:
tensor([0.8470, 0.8860, 0.6240, 0.1290, 0.7660, 0.9780, 0.9820, 0.9670, 0.9770,
        0.9900], device='cuda:2')
Precision:
tensor([0.9287, 0.9955, 0.9556, 0.9923, 0.9504, 0.4849, 0.7607, 0.9123, 0.8955,
        0.8609], device='cuda:2')

| Epoch:122   Accuracy:81.60
Recall:
tensor([0.8850, 0.8910, 0.6050, 0.1100, 0.7900, 0.9750, 0.9830, 0.9630, 0.9740,
        0.9840], device='cuda:2')
Precision:
tensor([0.9021, 0.9989, 0.9696, 1.0000, 0.9197, 0.4824, 0.7921, 0.8950, 0.9197,
        0.8654], device='cuda:2')

| Epoch:123   Accuracy:79.55
Recall:
tensor([0.8520, 0.8890, 0.5490, 0.1300, 0.6490, 0.9820, 0.9800, 0.9630, 0.9830,
        0.9780], device='cuda:2')
Precision:
tensor([0.9093, 0.9955, 0.9839, 0.9924, 0.9687, 0.4563, 0.7430, 0.8900, 0.8563,
        0.8811], device='cuda:2')

| Epoch:124   Accuracy:80.09
Recall:
tensor([0.8150, 0.8920, 0.5480, 0.1520, 0.7140, 0.9720, 0.9890, 0.9650, 0.9880,
        0.9740], device='cuda:2')
Precision:
tensor([0.9368, 0.9955, 0.9716, 0.9806, 0.9273, 0.5137, 0.6779, 0.8662, 0.8359,
        0.8871], device='cuda:2')

| Epoch:125   Accuracy:79.88
Recall:
tensor([0.8560, 0.9480, 0.5990, 0.0540, 0.6740, 0.9740, 0.9580, 0.9730, 0.9910,
        0.9610], device='cuda:2')
Precision:
tensor([0.8935, 0.9753, 0.9553, 1.0000, 0.9520, 0.4491, 0.8600, 0.8190, 0.8356,
        0.9385], device='cuda:2')

| Epoch:126   Accuracy:82.21
Recall:
tensor([0.8880, 0.9190, 0.6330, 0.2020, 0.6980, 0.9510, 0.9900, 0.9790, 0.9880,
        0.9730], device='cuda:2')
Precision:
tensor([0.8827, 0.9924, 0.9505, 0.9902, 0.9369, 0.5870, 0.7082, 0.8064, 0.8569,
        0.9110], device='cuda:2')

| Epoch:127   Accuracy:82.49
Recall:
tensor([0.8920, 0.8620, 0.7100, 0.2510, 0.6500, 0.9640, 0.9840, 0.9790, 0.9800,
        0.9770], device='cuda:2')
Precision:
tensor([0.8876, 0.9977, 0.9091, 0.9805, 0.9745, 0.5661, 0.7415, 0.8165, 0.9057,
        0.8754], device='cuda:2')

| Epoch:128   Accuracy:83.44
Recall:
tensor([0.8660, 0.9310, 0.6660, 0.3310, 0.6760, 0.9630, 0.9830, 0.9730, 0.9820,
        0.9730], device='cuda:2')
Precision:
tensor([0.9049, 0.9873, 0.9237, 0.9622, 0.9657, 0.5596, 0.7795, 0.8197, 0.8887,
        0.9171], device='cuda:2')

| Epoch:129   Accuracy:82.87
Recall:
tensor([0.8460, 0.9060, 0.6880, 0.2050, 0.7430, 0.9620, 0.9840, 0.9840, 0.9870,
        0.9820], device='cuda:2')
Precision:
tensor([0.9136, 0.9945, 0.9490, 0.9809, 0.9562, 0.5488, 0.7866, 0.8497, 0.8386,
        0.8823], device='cuda:2')

| Epoch:130   Accuracy:82.24
Recall:
tensor([0.8570, 0.8940, 0.7000, 0.2290, 0.6450, 0.9730, 0.9810, 0.9710, 0.9900,
        0.9840], device='cuda:2')
Precision:
tensor([0.9088, 0.9933, 0.9284, 0.9786, 0.9613, 0.5488, 0.7694, 0.8385, 0.8505,
        0.8723], device='cuda:2')

| Epoch:131   Accuracy:82.93
Recall:
tensor([0.8490, 0.8560, 0.7130, 0.2280, 0.7570, 0.9660, 0.9850, 0.9640, 0.9880,
        0.9870], device='cuda:2')
Precision:
tensor([0.9188, 0.9965, 0.9129, 0.9870, 0.9439, 0.5476, 0.8080, 0.8732, 0.8713,
        0.8350], device='cuda:2')

| Epoch:132   Accuracy:81.38
Recall:
tensor([0.8770, 0.8130, 0.6740, 0.1550, 0.7240, 0.9710, 0.9800, 0.9820, 0.9820,
        0.9800], device='cuda:2')
Precision:
tensor([0.9051, 0.9988, 0.9322, 0.9873, 0.9628, 0.5143, 0.8146, 0.8082, 0.8799,
        0.8426], device='cuda:2')

| Epoch:133   Accuracy:79.65
Recall:
tensor([0.8460, 0.8900, 0.5880, 0.1090, 0.6440, 0.9760, 0.9810, 0.9660, 0.9850,
        0.9800], device='cuda:2')
Precision:
tensor([0.9186, 0.9955, 0.9639, 1.0000, 0.9569, 0.4796, 0.7272, 0.8526, 0.8550,
        0.8719], device='cuda:2')

| Epoch:134   Accuracy:80.41
Recall:
tensor([0.8540, 0.8980, 0.6020, 0.0960, 0.6910, 0.9760, 0.9750, 0.9760, 0.9870,
        0.9860], device='cuda:2')
Precision:
tensor([0.9213, 0.9934, 0.9647, 1.0000, 0.9571, 0.4729, 0.7882, 0.8443, 0.8688,
        0.8695], device='cuda:2')

| Epoch:135   Accuracy:82.22
Recall:
tensor([0.8230, 0.8930, 0.7490, 0.1590, 0.7100, 0.9770, 0.9910, 0.9730, 0.9610,
        0.9860], device='cuda:2')
Precision:
tensor([0.9416, 0.9933, 0.8619, 0.9937, 0.9634, 0.5180, 0.7641, 0.8641, 0.9366,
        0.8757], device='cuda:2')

| Epoch:136   Accuracy:79.78
Recall:
tensor([0.8040, 0.8930, 0.6040, 0.1830, 0.5840, 0.9720, 0.9850, 0.9830, 0.9890,
        0.9810], device='cuda:2')
Precision:
tensor([0.9210, 0.9944, 0.9758, 0.9786, 0.9766, 0.4922, 0.7665, 0.7864, 0.8424,
        0.8598], device='cuda:2')

| Epoch:137   Accuracy:82.74
Recall:
tensor([0.8400, 0.9100, 0.6980, 0.1980, 0.7300, 0.9680, 0.9840, 0.9800, 0.9890,
        0.9770], device='cuda:2')
Precision:
tensor([0.9190, 0.9891, 0.9382, 0.9950, 0.9605, 0.5354, 0.8180, 0.8319, 0.8353,
        0.8963], device='cuda:2')

| Epoch:138   Accuracy:82.89
Recall:
tensor([0.8330, 0.8930, 0.6830, 0.2000, 0.7650, 0.9760, 0.9860, 0.9770, 0.9890,
        0.9870], device='cuda:2')
Precision:
tensor([0.9245, 0.9967, 0.9486, 0.9901, 0.9586, 0.5348, 0.8003, 0.8747, 0.8439,
        0.8681], device='cuda:2')

| Epoch:139   Accuracy:81.78
Recall:
tensor([0.7540, 0.8750, 0.6960, 0.1890, 0.7660, 0.9670, 0.9820, 0.9790, 0.9930,
        0.9770], device='cuda:2')
Precision:
tensor([0.9390, 0.9954, 0.9534, 0.9844, 0.9433, 0.5168, 0.8136, 0.8610, 0.7893,
        0.8794], device='cuda:2')

| Epoch:140   Accuracy:82.06
Recall:
tensor([0.7920, 0.9260, 0.6360, 0.2230, 0.7250, 0.9690, 0.9930, 0.9800, 0.9880,
        0.9740], device='cuda:2')
Precision:
tensor([0.9440, 0.9851, 0.9436, 0.9911, 0.9577, 0.5515, 0.6964, 0.8529, 0.8473,
        0.9128], device='cuda:2')

| Epoch:141   Accuracy:82.46
Recall:
tensor([0.7290, 0.8770, 0.7440, 0.1860, 0.8020, 0.9640, 0.9920, 0.9760, 0.9900,
        0.9860], device='cuda:2')
Precision:
tensor([0.9656, 0.9966, 0.8836, 0.9789, 0.9369, 0.5487, 0.7780, 0.8897, 0.8264,
        0.8574], device='cuda:2')

| Epoch:142   Accuracy:81.10
Recall:
tensor([0.7550, 0.9030, 0.6210, 0.1330, 0.7940, 0.9760, 0.9930, 0.9710, 0.9870,
        0.9770], device='cuda:2')
Precision:
tensor([0.9557, 0.9956, 0.9539, 0.9779, 0.9233, 0.5121, 0.7063, 0.8958, 0.8343,
        0.9071], device='cuda:2')

| Epoch:143   Accuracy:83.22
Recall:
tensor([0.8430, 0.9060, 0.7290, 0.1680, 0.7870, 0.9650, 0.9860, 0.9750, 0.9750,
        0.9880], device='cuda:2')
Precision:
tensor([0.9284, 0.9923, 0.9370, 0.9825, 0.9414, 0.5222, 0.7971, 0.8920, 0.9216,
        0.8532], device='cuda:2')

| Epoch:144   Accuracy:82.60
Recall:
tensor([0.7410, 0.9180, 0.7280, 0.2070, 0.7680, 0.9480, 0.9920, 0.9850, 0.9850,
        0.9880], device='cuda:2')
Precision:
tensor([0.9686, 0.9935, 0.8911, 0.9718, 0.9470, 0.5955, 0.6894, 0.8694, 0.8347,
        0.8774], device='cuda:2')

| Epoch:145   Accuracy:83.17
Recall:
tensor([0.8690, 0.9350, 0.6710, 0.2130, 0.7400, 0.9580, 0.9920, 0.9780, 0.9800,
        0.9810], device='cuda:2')
Precision:
tensor([0.9071, 0.9873, 0.9464, 0.9771, 0.9573, 0.5799, 0.7055, 0.8655, 0.8853,
        0.8918], device='cuda:2')

| Epoch:146   Accuracy:82.84
Recall:
tensor([0.7950, 0.9010, 0.6940, 0.2460, 0.7710, 0.9410, 0.9850, 0.9800, 0.9820,
        0.9890], device='cuda:2')
Precision:
tensor([0.9223, 0.9879, 0.9303, 1.0000, 0.9414, 0.6142, 0.7642, 0.8326, 0.8637,
        0.7727], device='cuda:2')

| Epoch:147   Accuracy:82.55
Recall:
tensor([0.8630, 0.9020, 0.5640, 0.2040, 0.8240, 0.9830, 0.9780, 0.9720, 0.9810,
        0.9840], device='cuda:2')
Precision:
tensor([0.9350, 0.9923, 0.9758, 0.9951, 0.8908, 0.4888, 0.8323, 0.8942, 0.9151,
        0.8825], device='cuda:2')

| Epoch:148   Accuracy:84.14
Recall:
tensor([0.8910, 0.8820, 0.6410, 0.3680, 0.7340, 0.9700, 0.9830, 0.9800, 0.9780,
        0.9870], device='cuda:2')
Precision:
tensor([0.9009, 0.9932, 0.9712, 0.9684, 0.9570, 0.5686, 0.8219, 0.8066, 0.9244,
        0.8650], device='cuda:2')

| Epoch:149   Accuracy:82.42
Recall:
tensor([0.8690, 0.9050, 0.6610, 0.1670, 0.7320, 0.9800, 0.9830, 0.9730, 0.9850,
        0.9870], device='cuda:2')
Precision:
tensor([0.9147, 0.9945, 0.9594, 1.0000, 0.9594, 0.4942, 0.8438, 0.8595, 0.8987,
        0.8620], device='cuda:2')

| Epoch:150   Accuracy:85.38
Recall:
tensor([0.9050, 0.9200, 0.7600, 0.2540, 0.7900, 0.9720, 0.9880, 0.9800, 0.9900,
        0.9790], device='cuda:2')
Precision:
tensor([0.9216, 0.9935, 0.9325, 0.9883, 0.9507, 0.5714, 0.8226, 0.8789, 0.9074,
        0.9056], device='cuda:2')

| Epoch:151   Accuracy:85.71
Recall:
tensor([0.8910, 0.9220, 0.7500, 0.2810, 0.8110, 0.9770, 0.9890, 0.9770, 0.9880,
        0.9850], device='cuda:2')
Precision:
tensor([0.9429, 0.9925, 0.9470, 0.9929, 0.9519, 0.5504, 0.8504, 0.8906, 0.9208,
        0.9028], device='cuda:2')

| Epoch:152   Accuracy:85.73
Recall:
tensor([0.8930, 0.9340, 0.7510, 0.2750, 0.8130, 0.9790, 0.9850, 0.9740, 0.9890,
        0.9800], device='cuda:2')
Precision:
tensor([0.9283, 0.9884, 0.9435, 0.9892, 0.9610, 0.5418, 0.8717, 0.9077, 0.9157,
        0.9049], device='cuda:2')

| Epoch:153   Accuracy:86.96
Recall:
tensor([0.9060, 0.9440, 0.7670, 0.3190, 0.8550, 0.9740, 0.9870, 0.9780, 0.9860,
        0.9800], device='cuda:2')
Precision:
tensor([0.9408, 0.9906, 0.9331, 0.9846, 0.9416, 0.5889, 0.8386, 0.9022, 0.9267,
        0.9324], device='cuda:2')

| Epoch:154   Accuracy:87.73
Recall:
tensor([0.8980, 0.9330, 0.8110, 0.3780, 0.8410, 0.9670, 0.9880, 0.9830, 0.9860,
        0.9880], device='cuda:2')
Precision:
tensor([0.9296, 0.9904, 0.9279, 0.9818, 0.9546, 0.6259, 0.8621, 0.9018, 0.9224,
        0.8966], device='cuda:2')

| Epoch:155   Accuracy:87.78
Recall:
tensor([0.9080, 0.9290, 0.7840, 0.3810, 0.8620, 0.9750, 0.9900, 0.9790, 0.9920,
        0.9780], device='cuda:2')
Precision:
tensor([0.9313, 0.9946, 0.9356, 0.9695, 0.9546, 0.6132, 0.8586, 0.9253, 0.9059,
        0.9218], device='cuda:2')

| Epoch:156   Accuracy:87.27
Recall:
tensor([0.8930, 0.9350, 0.7850, 0.3530, 0.8430, 0.9750, 0.9880, 0.9800, 0.9920,
        0.9830], device='cuda:2')
Precision:
tensor([0.9420, 0.9915, 0.9390, 0.9806, 0.9504, 0.6026, 0.8621, 0.9032, 0.8994,
        0.9153], device='cuda:2')

| Epoch:157   Accuracy:88.56
Recall:
tensor([0.9240, 0.9420, 0.8260, 0.4040, 0.8610, 0.9670, 0.9860, 0.9790, 0.9840,
        0.9830], device='cuda:2')
Precision:
tensor([0.9305, 0.9905, 0.9250, 0.9735, 0.9441, 0.6379, 0.8835, 0.9040, 0.9309,
        0.9239], device='cuda:2')

| Epoch:158   Accuracy:88.63
Recall:
tensor([0.9120, 0.9490, 0.8210, 0.4190, 0.8490, 0.9730, 0.9880, 0.9780, 0.9900,
        0.9840], device='cuda:2')
Precision:
tensor([0.9335, 0.9906, 0.9308, 0.9677, 0.9561, 0.6314, 0.8829, 0.9209, 0.9226,
        0.9222], device='cuda:2')

| Epoch:159   Accuracy:87.17
Recall:
tensor([0.8950, 0.9410, 0.7700, 0.3400, 0.8520, 0.9750, 0.9900, 0.9800, 0.9900,
        0.9840], device='cuda:2')
Precision:
tensor([0.9441, 0.9905, 0.9471, 0.9827, 0.9552, 0.5931, 0.8369, 0.9091, 0.9192,
        0.9205], device='cuda:2')

| Epoch:160   Accuracy:87.53
Recall:
tensor([0.9180, 0.9370, 0.7740, 0.3480, 0.8590, 0.9760, 0.9880, 0.9820, 0.9880,
        0.9830], device='cuda:2')
Precision:
tensor([0.9282, 0.9915, 0.9485, 0.9748, 0.9544, 0.5977, 0.8621, 0.9169, 0.9148,
        0.9247], device='cuda:2')

| Epoch:161   Accuracy:88.10
Recall:
tensor([0.9030, 0.9390, 0.8180, 0.3640, 0.8640, 0.9700, 0.9870, 0.9870, 0.9910,
        0.9870], device='cuda:2')
Precision:
tensor([0.9455, 0.9937, 0.9327, 0.9838, 0.9547, 0.6174, 0.8844, 0.8836, 0.9314,
        0.9139], device='cuda:2')

| Epoch:162   Accuracy:88.28
Recall:
tensor([0.8950, 0.9340, 0.8270, 0.4250, 0.8330, 0.9690, 0.9890, 0.9830, 0.9850,
        0.9880], device='cuda:2')
Precision:
tensor([0.9471, 0.9905, 0.9128, 0.9725, 0.9608, 0.6503, 0.8381, 0.9144, 0.9275,
        0.9023], device='cuda:2')

| Epoch:163   Accuracy:88.65
Recall:
tensor([0.9230, 0.9440, 0.8340, 0.4100, 0.8470, 0.9710, 0.9840, 0.9800, 0.9900,
        0.9820], device='cuda:2')
Precision:
tensor([0.9380, 0.9916, 0.9226, 0.9670, 0.9603, 0.6244, 0.8849, 0.9254, 0.9313,
        0.9221], device='cuda:2')

| Epoch:164   Accuracy:88.54
Recall:
tensor([0.9130, 0.9420, 0.8010, 0.4080, 0.8740, 0.9750, 0.9890, 0.9790, 0.9870,
        0.9860], device='cuda:2')
Precision:
tensor([0.9471, 0.9916, 0.9390, 0.9784, 0.9449, 0.6274, 0.8511, 0.9253, 0.9382,
        0.9258], device='cuda:2')

| Epoch:165   Accuracy:88.13
Recall:
tensor([0.9100, 0.9490, 0.7750, 0.4030, 0.8580, 0.9740, 0.9900, 0.9810, 0.9880,
        0.9850], device='cuda:2')
Precision:
tensor([0.9381, 0.9896, 0.9509, 0.9782, 0.9523, 0.6236, 0.8440, 0.9092, 0.9312,
        0.9223], device='cuda:2')

| Epoch:166   Accuracy:88.48
Recall:
tensor([0.9000, 0.9440, 0.8060, 0.4270, 0.8560, 0.9720, 0.9890, 0.9810, 0.9890,
        0.9840], device='cuda:2')
Precision:
tensor([0.9494, 0.9895, 0.9329, 0.9683, 0.9532, 0.6365, 0.8555, 0.9126, 0.9243,
        0.9222], device='cuda:2')

| Epoch:167   Accuracy:88.68
Recall:
tensor([0.9080, 0.9350, 0.7890, 0.4500, 0.8670, 0.9730, 0.9900, 0.9820, 0.9880,
        0.9860], device='cuda:2')
Precision:
tensor([0.9488, 0.9915, 0.9415, 0.9677, 0.9538, 0.6406, 0.8579, 0.9067, 0.9383,
        0.9138], device='cuda:2')

| Epoch:168   Accuracy:88.07
Recall:
tensor([0.9170, 0.9430, 0.7840, 0.3890, 0.8520, 0.9760, 0.9900, 0.9830, 0.9860,
        0.9870], device='cuda:2')
Precision:
tensor([0.9444, 0.9874, 0.9526, 0.9823, 0.9541, 0.6169, 0.8462, 0.9161, 0.9364,
        0.9105], device='cuda:2')

| Epoch:169   Accuracy:89.11
Recall:
tensor([0.9130, 0.9520, 0.8050, 0.4320, 0.8900, 0.9680, 0.9920, 0.9860, 0.9880,
        0.9850], device='cuda:2')
Precision:
tensor([0.9412, 0.9917, 0.9471, 0.9774, 0.9408, 0.6505, 0.8687, 0.9079, 0.9356,
        0.9292], device='cuda:2')

| Epoch:170   Accuracy:89.01
Recall:
tensor([0.9250, 0.9560, 0.7820, 0.4570, 0.8740, 0.9770, 0.9890, 0.9770, 0.9890,
        0.9750], device='cuda:2')
Precision:
tensor([0.9287, 0.9917, 0.9513, 0.9561, 0.9510, 0.6243, 0.8791, 0.9412, 0.9200,
        0.9578], device='cuda:2')

| Epoch:171   Accuracy:88.49
Recall:
tensor([0.9210, 0.9460, 0.7780, 0.4250, 0.8660, 0.9750, 0.9900, 0.9820, 0.9860,
        0.9800], device='cuda:2')
Precision:
tensor([0.9322, 0.9916, 0.9523, 0.9681, 0.9516, 0.6175, 0.8699, 0.9178, 0.9390,
        0.9289], device='cuda:2')

| Epoch:172   Accuracy:89.23
Recall:
tensor([0.9160, 0.9510, 0.8080, 0.4530, 0.8810, 0.9720, 0.9860, 0.9870, 0.9860,
        0.9830], device='cuda:2')
Precision:
tensor([0.9395, 0.9906, 0.9417, 0.9618, 0.9422, 0.6480, 0.9079, 0.8900, 0.9463,
        0.9239], device='cuda:2')

| Epoch:173   Accuracy:89.12
Recall:
tensor([0.9120, 0.9480, 0.8160, 0.4510, 0.8710, 0.9700, 0.9900, 0.9780, 0.9910,
        0.9850], device='cuda:2')
Precision:
tensor([0.9316, 0.9927, 0.9369, 0.9678, 0.9488, 0.6558, 0.8491, 0.9404, 0.9262,
        0.9328], device='cuda:2')

| Epoch:174   Accuracy:88.87
Recall:
tensor([0.9030, 0.9430, 0.7960, 0.4510, 0.8780, 0.9750, 0.9890, 0.9790, 0.9890,
        0.9840], device='cuda:2')
Precision:
tensor([0.9416, 0.9937, 0.9510, 0.9637, 0.9482, 0.6278, 0.8830, 0.9280, 0.9252,
        0.9248], device='cuda:2')

| Epoch:175   Accuracy:89.22
Recall:
tensor([0.9220, 0.9530, 0.8020, 0.4520, 0.8800, 0.9740, 0.9900, 0.9780, 0.9890,
        0.9820], device='cuda:2')
Precision:
tensor([0.9360, 0.9906, 0.9491, 0.9741, 0.9462, 0.6515, 0.8594, 0.9359, 0.9252,
        0.9326], device='cuda:2')

| Epoch:176   Accuracy:89.11
Recall:
tensor([0.9060, 0.9460, 0.8150, 0.4550, 0.8640, 0.9730, 0.9890, 0.9840, 0.9900,
        0.9890], device='cuda:2')
Precision:
tensor([0.9438, 0.9916, 0.9379, 0.9701, 0.9558, 0.6504, 0.8783, 0.9179, 0.9201,
        0.9209], device='cuda:2')

| Epoch:177   Accuracy:90.24
Recall:
tensor([0.9260, 0.9500, 0.8440, 0.5130, 0.8840, 0.9660, 0.9900, 0.9790, 0.9870,
        0.9850], device='cuda:2')
Precision:
tensor([0.9335, 0.9906, 0.9275, 0.9625, 0.9444, 0.6980, 0.8669, 0.9450, 0.9347,
        0.9363], device='cuda:2')

| Epoch:178   Accuracy:89.85
Recall:
tensor([0.9140, 0.9460, 0.8210, 0.5060, 0.8850, 0.9680, 0.9890, 0.9810, 0.9900,
        0.9850], device='cuda:2')
Precision:
tensor([0.9298, 0.9937, 0.9394, 0.9583, 0.9465, 0.6851, 0.8830, 0.9325, 0.9158,
        0.9275], device='cuda:2')

| Epoch:179   Accuracy:89.47
Recall:
tensor([0.9370, 0.9490, 0.8180, 0.4450, 0.8860, 0.9700, 0.9900, 0.9810, 0.9880,
        0.9830], device='cuda:2')
Precision:
tensor([0.9305, 0.9937, 0.9457, 0.9716, 0.9426, 0.6519, 0.8715, 0.9352, 0.9365,
        0.9389], device='cuda:2')

| Epoch:180   Accuracy:89.63
Recall:
tensor([0.9150, 0.9540, 0.7990, 0.4980, 0.8860, 0.9700, 0.9890, 0.9830, 0.9870,
        0.9820], device='cuda:2')
Precision:
tensor([0.9271, 0.9886, 0.9512, 0.9540, 0.9486, 0.6667, 0.8744, 0.9344, 0.9224,
        0.9406], device='cuda:2')

| Epoch:181   Accuracy:89.63
Recall:
tensor([0.8990, 0.9570, 0.7970, 0.5020, 0.8950, 0.9680, 0.9890, 0.9830, 0.9930,
        0.9800], device='cuda:2')
Precision:
tensor([0.9326, 0.9907, 0.9568, 0.9617, 0.9451, 0.6722, 0.8791, 0.9221, 0.9035,
        0.9441], device='cuda:2')

| Epoch:182   Accuracy:89.81
Recall:
tensor([0.9380, 0.9610, 0.8110, 0.4630, 0.8950, 0.9750, 0.9880, 0.9770, 0.9870,
        0.9860], device='cuda:2')
Precision:
tensor([0.9232, 0.9928, 0.9496, 0.9686, 0.9431, 0.6356, 0.9073, 0.9476, 0.9509,
        0.9453], device='cuda:2')

| Epoch:183   Accuracy:88.86
Recall:
tensor([0.9180, 0.9400, 0.7960, 0.4370, 0.8830, 0.9800, 0.9900, 0.9750, 0.9860,
        0.9810], device='cuda:2')
Precision:
tensor([0.9387, 0.9937, 0.9602, 0.9604, 0.9454, 0.6027, 0.9000, 0.9466, 0.9364,
        0.9352], device='cuda:2')

| Epoch:184   Accuracy:89.72
Recall:
tensor([0.9230, 0.9460, 0.8370, 0.4520, 0.9090, 0.9710, 0.9870, 0.9780, 0.9860,
        0.9830], device='cuda:2')
Precision:
tensor([0.9314, 0.9927, 0.9426, 0.9638, 0.9371, 0.6486, 0.9063, 0.9468, 0.9328,
        0.9335], device='cuda:2')

| Epoch:185   Accuracy:89.69
Recall:
tensor([0.9160, 0.9410, 0.8040, 0.5000, 0.8930, 0.9730, 0.9890, 0.9810, 0.9880,
        0.9840], device='cuda:2')
Precision:
tensor([0.9395, 0.9937, 0.9492, 0.9542, 0.9400, 0.6574, 0.8838, 0.9388, 0.9401,
        0.9266], device='cuda:2')

| Epoch:186   Accuracy:88.64
Recall:
tensor([0.9160, 0.9520, 0.8020, 0.4110, 0.8600, 0.9810, 0.9890, 0.9800, 0.9900,
        0.9830], device='cuda:2')
Precision:
tensor([0.9290, 0.9917, 0.9536, 0.9786, 0.9545, 0.6086, 0.8822, 0.9387, 0.9270,
        0.9389], device='cuda:2')

| Epoch:187   Accuracy:89.17
Recall:
tensor([0.9260, 0.9520, 0.8300, 0.4310, 0.8640, 0.9720, 0.9860, 0.9820, 0.9870,
        0.9870], device='cuda:2')
Precision:
tensor([0.9307, 0.9896, 0.9443, 0.9685, 0.9558, 0.6463, 0.8764, 0.9247, 0.9463,
        0.9130], device='cuda:2')

| Epoch:188   Accuracy:89.68
Recall:
tensor([0.9070, 0.9430, 0.8290, 0.4890, 0.8890, 0.9690, 0.9870, 0.9800, 0.9890,
        0.9860], device='cuda:2')
Precision:
tensor([0.9360, 0.9947, 0.9367, 0.9664, 0.9488, 0.6642, 0.8916, 0.9396, 0.9166,
        0.9241], device='cuda:2')

| Epoch:189   Accuracy:89.40
Recall:
tensor([0.9370, 0.9610, 0.8240, 0.4200, 0.8900, 0.9750, 0.9830, 0.9810, 0.9860,
        0.9830], device='cuda:2')
Precision:
tensor([0.9314, 0.9887, 0.9482, 0.9633, 0.9488, 0.6242, 0.9085, 0.9397, 0.9453,
        0.9380], device='cuda:2')

| Epoch:190   Accuracy:89.30
Recall:
tensor([0.9090, 0.9590, 0.8440, 0.4090, 0.8860, 0.9730, 0.9880, 0.9870, 0.9910,
        0.9840], device='cuda:2')
Precision:
tensor([0.9508, 0.9907, 0.9388, 0.9785, 0.9456, 0.6339, 0.8990, 0.9173, 0.9305,
        0.9398], device='cuda:2')

| Epoch:191   Accuracy:90.23
Recall:
tensor([0.9320, 0.9490, 0.8130, 0.5190, 0.8990, 0.9670, 0.9890, 0.9830, 0.9880,
        0.9840], device='cuda:2')
Precision:
tensor([0.9292, 0.9916, 0.9520, 0.9611, 0.9503, 0.6863, 0.8776, 0.9335, 0.9330,
        0.9354], device='cuda:2')

| Epoch:192   Accuracy:90.46
Recall:
tensor([0.9310, 0.9600, 0.8450, 0.5070, 0.8920, 0.9770, 0.9850, 0.9770, 0.9870,
        0.9850], device='cuda:2')
Precision:
tensor([0.9347, 0.9907, 0.9378, 0.9548, 0.9419, 0.6664, 0.9188, 0.9560, 0.9382,
        0.9435], device='cuda:2')

| Epoch:193   Accuracy:89.98
Recall:
tensor([0.9360, 0.9560, 0.8330, 0.4730, 0.8950, 0.9630, 0.9900, 0.9800, 0.9860,
        0.9860], device='cuda:2')
Precision:
tensor([0.9222, 0.9896, 0.9360, 0.9733, 0.9411, 0.6903, 0.8586, 0.9450, 0.9390,
        0.9328], device='cuda:2')

| Epoch:194   Accuracy:90.31
Recall:
tensor([0.9270, 0.9490, 0.8320, 0.5100, 0.8970, 0.9760, 0.9880, 0.9780, 0.9900,
        0.9840], device='cuda:2')
Precision:
tensor([0.9298, 0.9927, 0.9476, 0.9696, 0.9432, 0.6717, 0.8998, 0.9532, 0.9313,
        0.9354], device='cuda:2')

| Epoch:195   Accuracy:88.99
Recall:
tensor([0.9250, 0.9500, 0.8030, 0.4310, 0.8720, 0.9720, 0.9900, 0.9820, 0.9880,
        0.9860], device='cuda:2')
Precision:
tensor([0.9325, 0.9937, 0.9537, 0.9751, 0.9489, 0.6320, 0.8646, 0.9370, 0.9321,
        0.9319], device='cuda:2')

| Epoch:196   Accuracy:89.16
Recall:
tensor([0.9230, 0.9470, 0.8050, 0.4550, 0.8650, 0.9720, 0.9890, 0.9870, 0.9880,
        0.9850], device='cuda:2')
Precision:
tensor([0.9333, 0.9927, 0.9538, 0.9701, 0.9516, 0.6532, 0.8799, 0.8932, 0.9347,
        0.9284], device='cuda:2')

| Epoch:197   Accuracy:89.59
Recall:
tensor([0.9380, 0.9500, 0.8240, 0.4340, 0.8940, 0.9770, 0.9890, 0.9840, 0.9860,
        0.9830], device='cuda:2')
Precision:
tensor([0.9269, 0.9906, 0.9604, 0.9623, 0.9470, 0.6357, 0.9217, 0.9222, 0.9373,
        0.9389], device='cuda:2')

| Epoch:198   Accuracy:90.04
Recall:
tensor([0.9360, 0.9490, 0.8030, 0.5220, 0.8790, 0.9770, 0.9850, 0.9810, 0.9850,
        0.9870], device='cuda:2')
Precision:
tensor([0.9277, 0.9896, 0.9663, 0.9508, 0.9513, 0.6588, 0.9112, 0.9415, 0.9471,
        0.9122], device='cuda:2')

| Epoch:199   Accuracy:89.65
Recall:
tensor([0.9340, 0.9610, 0.8210, 0.4630, 0.8690, 0.9750, 0.9890, 0.9850, 0.9860,
        0.9820], device='cuda:2')
Precision:
tensor([0.9312, 0.9867, 0.9480, 0.9646, 0.9634, 0.6470, 0.8878, 0.9301, 0.9435,
        0.9352], device='cuda:2')

| Epoch:200   Accuracy:90.36
Recall:
tensor([0.9250, 0.9610, 0.8350, 0.5040, 0.9040, 0.9740, 0.9890, 0.9790, 0.9860,
        0.9790], device='cuda:2')
Precision:
tensor([0.9439, 0.9887, 0.9351, 0.9492, 0.9407, 0.6671, 0.8910, 0.9477, 0.9564,
        0.9514], device='cuda:2')

| Epoch:201   Accuracy:90.34
Recall:
tensor([0.9130, 0.9400, 0.8460, 0.5190, 0.8980, 0.9720, 0.9870, 0.9830, 0.9900,
        0.9860], device='cuda:2')
Precision:
tensor([0.9383, 0.9937, 0.9358, 0.9665, 0.9443, 0.6903, 0.8908, 0.9407, 0.9411,
        0.9164], device='cuda:2')

| Epoch:202   Accuracy:90.06
Recall:
tensor([0.9160, 0.9240, 0.8290, 0.5210, 0.8900, 0.9770, 0.9870, 0.9830, 0.9920,
        0.9870], device='cuda:2')
Precision:
tensor([0.9385, 0.9957, 0.9442, 0.9666, 0.9519, 0.6885, 0.9030, 0.9309, 0.9160,
        0.9030], device='cuda:2')

| Epoch:203   Accuracy:90.58
Recall:
tensor([0.9340, 0.9500, 0.8550, 0.4970, 0.9080, 0.9720, 0.9860, 0.9840, 0.9870,
        0.9850], device='cuda:2')
Precision:
tensor([0.9368, 0.9927, 0.9385, 0.9613, 0.9390, 0.6727, 0.9164, 0.9462, 0.9500,
        0.9372], device='cuda:2')

| Epoch:204   Accuracy:89.93
Recall:
tensor([0.9410, 0.9470, 0.8430, 0.4590, 0.8850, 0.9770, 0.9880, 0.9800, 0.9890,
        0.9840], device='cuda:2')
Precision:
tensor([0.9363, 0.9937, 0.9367, 0.9787, 0.9547, 0.6474, 0.9039, 0.9423, 0.9510,
        0.9248], device='cuda:2')

| Epoch:205   Accuracy:89.19
Recall:
tensor([0.9210, 0.9590, 0.8120, 0.4170, 0.8840, 0.9790, 0.9880, 0.9840, 0.9880,
        0.9870], device='cuda:2')
Precision:
tensor([0.9436, 0.9907, 0.9598, 0.9743, 0.9434, 0.6173, 0.9165, 0.9111, 0.9527,
        0.9276], device='cuda:2')

| Epoch:206   Accuracy:90.00
Recall:
tensor([0.9340, 0.9520, 0.8250, 0.4730, 0.8890, 0.9720, 0.9890, 0.9890, 0.9880,
        0.9890], device='cuda:2')
Precision:
tensor([0.9453, 0.9906, 0.9505, 0.9713, 0.9388, 0.6703, 0.9115, 0.9007, 0.9455,
        0.9234], device='cuda:2')

| Epoch:207   Accuracy:90.52
Recall:
tensor([0.9510, 0.9670, 0.8500, 0.4870, 0.8930, 0.9710, 0.9880, 0.9850, 0.9810,
        0.9790], device='cuda:2')
Precision:
tensor([0.9314, 0.9847, 0.9403, 0.9663, 0.9480, 0.6669, 0.9039, 0.9354, 0.9694,
        0.9477], device='cuda:2')

| Epoch:208   Accuracy:90.12
Recall:
tensor([0.9360, 0.9580, 0.8390, 0.4700, 0.8940, 0.9700, 0.9910, 0.9860, 0.9820,
        0.9860], device='cuda:2')
Precision:
tensor([0.9341, 0.9876, 0.9374, 0.9751, 0.9521, 0.6793, 0.8647, 0.9390, 0.9618,
        0.9241], device='cuda:2')

| Epoch:209   Accuracy:90.07
Recall:
tensor([0.9230, 0.9430, 0.8310, 0.4860, 0.9000, 0.9700, 0.9900, 0.9880, 0.9890,
        0.9870], device='cuda:2')
Precision:
tensor([0.9380, 0.9937, 0.9519, 0.9567, 0.9385, 0.6676, 0.9058, 0.9260, 0.9428,
        0.9268], device='cuda:2')

| Epoch:210   Accuracy:89.83
Recall:
tensor([0.9300, 0.9590, 0.8220, 0.4500, 0.8970, 0.9810, 0.9840, 0.9870, 0.9890,
        0.9840], device='cuda:2')
Precision:
tensor([0.9347, 0.9907, 0.9659, 0.9719, 0.9472, 0.6341, 0.9274, 0.9259, 0.9419,
        0.9354], device='cuda:2')

| Epoch:211   Accuracy:89.76
Recall:
tensor([0.9160, 0.9540, 0.8240, 0.4670, 0.8890, 0.9760, 0.9890, 0.9870, 0.9890,
        0.9850], device='cuda:2')
Precision:
tensor([0.9502, 0.9937, 0.9593, 0.9550, 0.9437, 0.6430, 0.9149, 0.9190, 0.9286,
        0.9399], device='cuda:2')

| Epoch:212   Accuracy:90.57
Recall:
tensor([0.9280, 0.9630, 0.8250, 0.5420, 0.8790, 0.9770, 0.9900, 0.9830, 0.9860,
        0.9840], device='cuda:2')
Precision:
tensor([0.9393, 0.9857, 0.9582, 0.9576, 0.9492, 0.6789, 0.9000, 0.9353, 0.9490,
        0.9345], device='cuda:2')

| Epoch:213   Accuracy:90.79
Recall:
tensor([0.9400, 0.9580, 0.8310, 0.5320, 0.9050, 0.9760, 0.9870, 0.9800, 0.9860,
        0.9840], device='cuda:2')
Precision:
tensor([0.9216, 0.9927, 0.9541, 0.9586, 0.9330, 0.6849, 0.9181, 0.9505, 0.9453,
        0.9416], device='cuda:2')

| Epoch:214   Accuracy:90.08
Recall:
tensor([0.9280, 0.9530, 0.8310, 0.4860, 0.8870, 0.9790, 0.9910, 0.9810, 0.9860,
        0.9860], device='cuda:2')
Precision:
tensor([0.9393, 0.9927, 0.9530, 0.9720, 0.9507, 0.6628, 0.8801, 0.9478, 0.9481,
        0.9224], device='cuda:2')

| Epoch:215   Accuracy:91.36
Recall:
tensor([0.9380, 0.9620, 0.8400, 0.5780, 0.9030, 0.9730, 0.9910, 0.9850, 0.9880,
        0.9780], device='cuda:2')
Precision:
tensor([0.9333, 0.9887, 0.9556, 0.9522, 0.9416, 0.7118, 0.9159, 0.9372, 0.9455,
        0.9477], device='cuda:2')

| Epoch:216   Accuracy:90.73
Recall:
tensor([0.9410, 0.9720, 0.8260, 0.5210, 0.8970, 0.9800, 0.9890, 0.9810, 0.9850,
        0.9810], device='cuda:2')
Precision:
tensor([0.9335, 0.9838, 0.9638, 0.9595, 0.9452, 0.6608, 0.9082, 0.9543, 0.9629,
        0.9506], device='cuda:2')

| Epoch:217   Accuracy:90.52
Recall:
tensor([0.9390, 0.9640, 0.8430, 0.5010, 0.8860, 0.9740, 0.9870, 0.9890, 0.9890,
        0.9800], device='cuda:2')
Precision:
tensor([0.9390, 0.9867, 0.9472, 0.9598, 0.9589, 0.6722, 0.9130, 0.9191, 0.9500,
        0.9423], device='cuda:2')

| Epoch:218   Accuracy:90.62
Recall:
tensor([0.9380, 0.9650, 0.8430, 0.5260, 0.8780, 0.9800, 0.9860, 0.9830, 0.9810,
        0.9820], device='cuda:2')
Precision:
tensor([0.9250, 0.9847, 0.9472, 0.9546, 0.9596, 0.6699, 0.9241, 0.9353, 0.9599,
        0.9379], device='cuda:2')

| Epoch:219   Accuracy:90.67
Recall:
tensor([0.9420, 0.9590, 0.8280, 0.5220, 0.9010, 0.9780, 0.9910, 0.9820, 0.9830,
        0.9810], device='cuda:2')
Precision:
tensor([0.9208, 0.9876, 0.9572, 0.9578, 0.9534, 0.6763, 0.9092, 0.9451, 0.9609,
        0.9316], device='cuda:2')

| Epoch:220   Accuracy:91.23
Recall:
tensor([0.9430, 0.9610, 0.8320, 0.5790, 0.8940, 0.9680, 0.9900, 0.9890, 0.9830,
        0.9840], device='cuda:2')
Precision:
tensor([0.9300, 0.9897, 0.9509, 0.9507, 0.9531, 0.7256, 0.8951, 0.9191, 0.9572,
        0.9371], device='cuda:2')

| Epoch:221   Accuracy:90.88
Recall:
tensor([0.9200, 0.9540, 0.8530, 0.5320, 0.9140, 0.9680, 0.9910, 0.9810, 0.9900,
        0.9850], device='cuda:2')
Precision:
tensor([0.9494, 0.9917, 0.9446, 0.9708, 0.9394, 0.6934, 0.9001, 0.9460, 0.9375,
        0.9336], device='cuda:2')

| Epoch:222   Accuracy:91.20
Recall:
tensor([0.9420, 0.9620, 0.8370, 0.5520, 0.9170, 0.9700, 0.9900, 0.9830, 0.9870,
        0.9800], device='cuda:2')
Precision:
tensor([0.9208, 0.9918, 0.9566, 0.9600, 0.9338, 0.6978, 0.9167, 0.9562, 0.9472,
        0.9469], device='cuda:2')

| Epoch:223   Accuracy:90.50
Recall:
tensor([0.9310, 0.9620, 0.8230, 0.5190, 0.8910, 0.9840, 0.9880, 0.9820, 0.9910,
        0.9790], device='cuda:2')
Precision:
tensor([0.9347, 0.9887, 0.9603, 0.9558, 0.9529, 0.6582, 0.9225, 0.9442, 0.9429,
        0.9423], device='cuda:2')

| Epoch:224   Accuracy:91.66
Recall:
tensor([0.9200, 0.9650, 0.8490, 0.6040, 0.9100, 0.9690, 0.9880, 0.9900, 0.9870,
        0.9840], device='cuda:2')
Precision:
tensor([0.9475, 0.9877, 0.9497, 0.9527, 0.9450, 0.7324, 0.9208, 0.9192, 0.9454,
        0.9425], device='cuda:2')

| Epoch:225   Accuracy:90.40
Recall:
tensor([0.9290, 0.9570, 0.8190, 0.5230, 0.8910, 0.9760, 0.9890, 0.9850, 0.9870,
        0.9840], device='cuda:2')
Precision:
tensor([0.9431, 0.9917, 0.9658, 0.9596, 0.9540, 0.6639, 0.9007, 0.9266, 0.9545,
        0.9301], device='cuda:2')

| Epoch:226   Accuracy:90.81
Recall:
tensor([0.9250, 0.9610, 0.8240, 0.5440, 0.9100, 0.9700, 0.9900, 0.9860, 0.9900,
        0.9810], device='cuda:2')
Precision:
tensor([0.9372, 0.9938, 0.9559, 0.9628, 0.9372, 0.7014, 0.9000, 0.9241, 0.9375,
        0.9415], device='cuda:2')

| Epoch:227   Accuracy:90.13
Recall:
tensor([0.9220, 0.9490, 0.8160, 0.4950, 0.8940, 0.9820, 0.9900, 0.9840, 0.9910,
        0.9900], device='cuda:2')
Precision:
tensor([0.9399, 0.9927, 0.9634, 0.9687, 0.9561, 0.6529, 0.8919, 0.9563, 0.9411,
        0.9218], device='cuda:2')

| Epoch:228   Accuracy:90.37
Recall:
tensor([0.9260, 0.9510, 0.8580, 0.4760, 0.8980, 0.9800, 0.9870, 0.9870, 0.9900,
        0.9840], device='cuda:2')
Precision:
tensor([0.9391, 0.9948, 0.9491, 0.9597, 0.9463, 0.6640, 0.9364, 0.9285, 0.9322,
        0.9336], device='cuda:2')

| Epoch:229   Accuracy:90.79
Recall:
tensor([0.9190, 0.9570, 0.8390, 0.5510, 0.8910, 0.9690, 0.9870, 0.9890, 0.9920,
        0.9850], device='cuda:2')
Precision:
tensor([0.9320, 0.9938, 0.9480, 0.9533, 0.9519, 0.7007, 0.9329, 0.9090, 0.9288,
        0.9336], device='cuda:2')

| Epoch:230   Accuracy:91.53
Recall:
tensor([0.9230, 0.9600, 0.8540, 0.5900, 0.9100, 0.9740, 0.9870, 0.9870, 0.9890,
        0.9790], device='cuda:2')
Precision:
tensor([0.9390, 0.9897, 0.9510, 0.9410, 0.9420, 0.7089, 0.9391, 0.9382, 0.9410,
        0.9523], device='cuda:2')

| Epoch:231   Accuracy:91.40
Recall:
tensor([0.9370, 0.9530, 0.8380, 0.5800, 0.9160, 0.9690, 0.9880, 0.9870, 0.9880,
        0.9840], device='cuda:2')
Precision:
tensor([0.9408, 0.9948, 0.9555, 0.9508, 0.9337, 0.7188, 0.9089, 0.9382, 0.9509,
        0.9354], device='cuda:2')

| Epoch:232   Accuracy:91.34
Recall:
tensor([0.9270, 0.9660, 0.8720, 0.5550, 0.9090, 0.9720, 0.9850, 0.9860, 0.9880,
        0.9740], device='cuda:2')
Precision:
tensor([0.9430, 0.9887, 0.9376, 0.9703, 0.9439, 0.6983, 0.9328, 0.9408, 0.9374,
        0.9502], device='cuda:2')

| Epoch:233   Accuracy:91.18
Recall:
tensor([0.9320, 0.9600, 0.8560, 0.5420, 0.9060, 0.9740, 0.9900, 0.9830, 0.9890,
        0.9860], device='cuda:2')
Precision:
tensor([0.9433, 0.9928, 0.9564, 0.9559, 0.9497, 0.6830, 0.9184, 0.9525, 0.9437,
        0.9435], device='cuda:2')

| Epoch:234   Accuracy:91.53
Recall:
tensor([0.9480, 0.9590, 0.8640, 0.5710, 0.8940, 0.9780, 0.9850, 0.9840, 0.9840,
        0.9860], device='cuda:2')
Precision:
tensor([0.9322, 0.9938, 0.9432, 0.9613, 0.9531, 0.6946, 0.9408, 0.9443, 0.9591,
        0.9417], device='cuda:2')

| Epoch:235   Accuracy:91.21
Recall:
tensor([0.9440, 0.9730, 0.8550, 0.5320, 0.9020, 0.9800, 0.9840, 0.9850, 0.9860,
        0.9800], device='cuda:2')
Precision:
tensor([0.9310, 0.9878, 0.9521, 0.9690, 0.9515, 0.6773, 0.9318, 0.9453, 0.9517,
        0.9561], device='cuda:2')

| Epoch:236   Accuracy:91.30
Recall:
tensor([0.9350, 0.9610, 0.8450, 0.5570, 0.9250, 0.9640, 0.9870, 0.9860, 0.9850,
        0.9850], device='cuda:2')
Precision:
tensor([0.9313, 0.9917, 0.9516, 0.9653, 0.9372, 0.7146, 0.9147, 0.9382, 0.9453,
        0.9345], device='cuda:2')

| Epoch:237   Accuracy:90.87
Recall:
tensor([0.9450, 0.9660, 0.8410, 0.5270, 0.9020, 0.9720, 0.9820, 0.9830, 0.9880,
        0.9810], device='cuda:2')
Precision:
tensor([0.9122, 0.9908, 0.9579, 0.9599, 0.9465, 0.6850, 0.9273, 0.9507, 0.9338,
        0.9442], device='cuda:2')

| Epoch:238   Accuracy:91.54
Recall:
tensor([0.9450, 0.9580, 0.8540, 0.5860, 0.9010, 0.9640, 0.9860, 0.9900, 0.9850,
        0.9850], device='cuda:2')
Precision:
tensor([0.9247, 0.9897, 0.9489, 0.9638, 0.9565, 0.7281, 0.9079, 0.9287, 0.9545,
        0.9363], device='cuda:2')

| Epoch:239   Accuracy:91.88
Recall:
tensor([0.9180, 0.9660, 0.8720, 0.6120, 0.9030, 0.9710, 0.9840, 0.9890, 0.9890,
        0.9840], device='cuda:2')
Precision:
tensor([0.9377, 0.9867, 0.9356, 0.9518, 0.9596, 0.7301, 0.9301, 0.9473, 0.9437,
        0.9407], device='cuda:2')

| Epoch:240   Accuracy:91.45
Recall:
tensor([0.9330, 0.9610, 0.8510, 0.5810, 0.9030, 0.9730, 0.9870, 0.9850, 0.9870,
        0.9840], device='cuda:2')
Precision:
tensor([0.9415, 0.9877, 0.9445, 0.9572, 0.9505, 0.7197, 0.9097, 0.9435, 0.9436,
        0.9363], device='cuda:2')

| Epoch:241   Accuracy:91.21
Recall:
tensor([0.9220, 0.9620, 0.8540, 0.5660, 0.8940, 0.9710, 0.9870, 0.9890, 0.9920,
        0.9840], device='cuda:2')
Precision:
tensor([0.9399, 0.9928, 0.9499, 0.9593, 0.9561, 0.6981, 0.9250, 0.9357, 0.9280,
        0.9443], device='cuda:2')

| Epoch:242   Accuracy:90.82
Recall:
tensor([0.9140, 0.9520, 0.8580, 0.5450, 0.8920, 0.9710, 0.9850, 0.9890, 0.9900,
        0.9860], device='cuda:2')
Precision:
tensor([0.9432, 0.9937, 0.9449, 0.9646, 0.9602, 0.6956, 0.9197, 0.9166, 0.9270,
        0.9328], device='cuda:2')

| Epoch:243   Accuracy:91.58
Recall:
tensor([0.9420, 0.9660, 0.8510, 0.5950, 0.9020, 0.9760, 0.9880, 0.9800, 0.9830,
        0.9750], device='cuda:2')
Precision:
tensor([0.9281, 0.9857, 0.9562, 0.9535, 0.9535, 0.7103, 0.9098, 0.9542, 0.9544,
        0.9484], device='cuda:2')

| Epoch:244   Accuracy:91.88
Recall:
tensor([0.9370, 0.9580, 0.8700, 0.5960, 0.9130, 0.9670, 0.9900, 0.9850, 0.9850,
        0.9870], device='cuda:2')
Precision:
tensor([0.9370, 0.9876, 0.9355, 0.9707, 0.9540, 0.7433, 0.9066, 0.9363, 0.9647,
        0.9285], device='cuda:2')

| Epoch:245   Accuracy:91.74
Recall:
tensor([0.9380, 0.9620, 0.8640, 0.5810, 0.9150, 0.9750, 0.9860, 0.9870, 0.9850,
        0.9810], device='cuda:2')
Precision:
tensor([0.9315, 0.9897, 0.9453, 0.9716, 0.9472, 0.7164, 0.9241, 0.9382, 0.9610,
        0.9451], device='cuda:2')

| Epoch:246   Accuracy:92.09
Recall:
tensor([0.9370, 0.9640, 0.8700, 0.6030, 0.9300, 0.9640, 0.9860, 0.9830, 0.9890,
        0.9830], device='cuda:2')
Precision:
tensor([0.9333, 0.9918, 0.9487, 0.9648, 0.9328, 0.7320, 0.9276, 0.9637, 0.9491,
        0.9425], device='cuda:2')

| Epoch:247   Accuracy:91.68
Recall:
tensor([0.9390, 0.9550, 0.8590, 0.5980, 0.9060, 0.9620, 0.9890, 0.9860, 0.9900,
        0.9840], device='cuda:2')
Precision:
tensor([0.9279, 0.9938, 0.9481, 0.9661, 0.9428, 0.7400, 0.8942, 0.9527, 0.9411,
        0.9389], device='cuda:2')

| Epoch:248   Accuracy:91.50
Recall:
tensor([0.9230, 0.9540, 0.8640, 0.5910, 0.8970, 0.9790, 0.9820, 0.9840, 0.9870,
        0.9890], device='cuda:2')
Precision:
tensor([0.9428, 0.9927, 0.9505, 0.9579, 0.9502, 0.6978, 0.9451, 0.9544, 0.9445,
        0.9226], device='cuda:2')

| Epoch:249   Accuracy:91.51
Recall:
tensor([0.9350, 0.9620, 0.8420, 0.5990, 0.8910, 0.9780, 0.9870, 0.9820, 0.9910,
        0.9840], device='cuda:2')
Precision:
tensor([0.9239, 0.9897, 0.9525, 0.9569, 0.9632, 0.7061, 0.9173, 0.9562, 0.9420,
        0.9452], device='cuda:2')

| Epoch:250   Accuracy:91.82
Recall:
tensor([0.9450, 0.9660, 0.8230, 0.6270, 0.9010, 0.9750, 0.9840, 0.9890, 0.9870,
        0.9850], device='cuda:2')
Precision:
tensor([0.9310, 0.9887, 0.9682, 0.9414, 0.9534, 0.7249, 0.9389, 0.9321, 0.9573,
        0.9275], device='cuda:2')

| Epoch:251   Accuracy:91.83
Recall:
tensor([0.9340, 0.9570, 0.8620, 0.6150, 0.8970, 0.9720, 0.9880, 0.9860, 0.9880,
        0.9840], device='cuda:2')
Precision:
tensor([0.9415, 0.9897, 0.9421, 0.9639, 0.9624, 0.7238, 0.9131, 0.9527, 0.9500,
        0.9318], device='cuda:2')

| Epoch:252   Accuracy:91.97
Recall:
tensor([0.9400, 0.9720, 0.8550, 0.6210, 0.9010, 0.9690, 0.9880, 0.9870, 0.9910,
        0.9730], device='cuda:2')
Precision:
tensor([0.9298, 0.9848, 0.9437, 0.9466, 0.9565, 0.7330, 0.9251, 0.9418, 0.9492,
        0.9577], device='cuda:2')

| Epoch:253   Accuracy:91.86
Recall:
tensor([0.9340, 0.9750, 0.8570, 0.6270, 0.8810, 0.9760, 0.9830, 0.9870, 0.9910,
        0.9750], device='cuda:2')
Precision:
tensor([0.9359, 0.9829, 0.9449, 0.9529, 0.9681, 0.7278, 0.9119, 0.9436, 0.9376,
        0.9625], device='cuda:2')

| Epoch:254   Accuracy:91.45
Recall:
tensor([0.9340, 0.9660, 0.8350, 0.5840, 0.9140, 0.9670, 0.9860, 0.9890, 0.9910,
        0.9790], device='cuda:2')
Precision:
tensor([0.9387, 0.9857, 0.9620, 0.9621, 0.9336, 0.7179, 0.9284, 0.9174, 0.9474,
        0.9432], device='cuda:2')

| Epoch:255   Accuracy:92.39
Recall:
tensor([0.9400, 0.9640, 0.8560, 0.6700, 0.8930, 0.9680, 0.9860, 0.9860, 0.9870,
        0.9890], device='cuda:2')
Precision:
tensor([0.9344, 0.9918, 0.9501, 0.9437, 0.9633, 0.7527, 0.9215, 0.9564, 0.9454,
        0.9392], device='cuda:2')

| Epoch:256   Accuracy:91.42
Recall:
tensor([0.9510, 0.9620, 0.8520, 0.5720, 0.8830, 0.9810, 0.9820, 0.9840, 0.9890,
        0.9860], device='cuda:2')
Precision:
tensor([0.9324, 0.9948, 0.9595, 0.9502, 0.9577, 0.6808, 0.9406, 0.9507, 0.9574,
        0.9408], device='cuda:2')

| Epoch:257   Accuracy:91.96
Recall:
tensor([0.9330, 0.9630, 0.8500, 0.6100, 0.9140, 0.9740, 0.9850, 0.9870, 0.9920,
        0.9880], device='cuda:2')
Precision:
tensor([0.9377, 0.9948, 0.9551, 0.9531, 0.9491, 0.7167, 0.9275, 0.9601, 0.9520,
        0.9383], device='cuda:2')

| Epoch:258   Accuracy:91.68
Recall:
tensor([0.9350, 0.9680, 0.8430, 0.5980, 0.9000, 0.9770, 0.9890, 0.9820, 0.9900,
        0.9860], device='cuda:2')
Precision:
tensor([0.9322, 0.9888, 0.9536, 0.9583, 0.9595, 0.7126, 0.9132, 0.9571, 0.9474,
        0.9417], device='cuda:2')

| Epoch:259   Accuracy:92.01
Recall:
tensor([0.9450, 0.9640, 0.8260, 0.6600, 0.8910, 0.9720, 0.9910, 0.9830, 0.9870,
        0.9820], device='cuda:2')
Precision:
tensor([0.9202, 0.9908, 0.9605, 0.9496, 0.9612, 0.7570, 0.8778, 0.9581, 0.9518,
        0.9424], device='cuda:2')

| Epoch:260   Accuracy:92.33
Recall:
tensor([0.9160, 0.9690, 0.8670, 0.6580, 0.9170, 0.9620, 0.9820, 0.9880, 0.9930,
        0.9810], device='cuda:2')
Precision:
tensor([0.9337, 0.9918, 0.9475, 0.9427, 0.9532, 0.7635, 0.9335, 0.9473, 0.9229,
        0.9469], device='cuda:2')

| Epoch:261   Accuracy:92.60
Recall:
tensor([0.9380, 0.9700, 0.8630, 0.6650, 0.9170, 0.9690, 0.9860, 0.9850, 0.9870,
        0.9800], device='cuda:2')
Precision:
tensor([0.9296, 0.9898, 0.9484, 0.9486, 0.9454, 0.7529, 0.9311, 0.9610, 0.9555,
        0.9552], device='cuda:2')

| Epoch:262   Accuracy:91.31
Recall:
tensor([0.9430, 0.9700, 0.8580, 0.5370, 0.9080, 0.9820, 0.9840, 0.9860, 0.9830,
        0.9800], device='cuda:2')
Precision:
tensor([0.9430, 0.9878, 0.9470, 0.9641, 0.9558, 0.6721, 0.9248, 0.9527, 0.9656,
        0.9542], device='cuda:2')

| Epoch:263   Accuracy:91.61
Recall:
tensor([0.9460, 0.9640, 0.8480, 0.5970, 0.8880, 0.9770, 0.9880, 0.9870, 0.9820,
        0.9840], device='cuda:2')
Precision:
tensor([0.9357, 0.9908, 0.9485, 0.9598, 0.9579, 0.7152, 0.9089, 0.9294, 0.9590,
        0.9516], device='cuda:2')

| Epoch:264   Accuracy:91.53
Recall:
tensor([0.9260, 0.9680, 0.8610, 0.5730, 0.9050, 0.9740, 0.9890, 0.9860, 0.9860,
        0.9850], device='cuda:2')
Precision:
tensor([0.9449, 0.9857, 0.9420, 0.9598, 0.9556, 0.7058, 0.9140, 0.9490, 0.9554,
        0.9408], device='cuda:2')

| Epoch:265   Accuracy:91.92
Recall:
tensor([0.9360, 0.9640, 0.8420, 0.6180, 0.9150, 0.9700, 0.9840, 0.9880, 0.9880,
        0.9870], device='cuda:2')
Precision:
tensor([0.9222, 0.9908, 0.9634, 0.9392, 0.9452, 0.7462, 0.9354, 0.9321, 0.9418,
        0.9391], device='cuda:2')

| Epoch:266   Accuracy:91.17
Recall:
tensor([0.9280, 0.9680, 0.8580, 0.5290, 0.9180, 0.9810, 0.9830, 0.9830, 0.9900,
        0.9790], device='cuda:2')
Precision:
tensor([0.9345, 0.9867, 0.9608, 0.9689, 0.9435, 0.6851, 0.9213, 0.9516, 0.9492,
        0.9423], device='cuda:2')

| Epoch:267   Accuracy:92.29
Recall:
tensor([0.9360, 0.9580, 0.8610, 0.6560, 0.9180, 0.9610, 0.9870, 0.9830, 0.9850,
        0.9840], device='cuda:2')
Precision:
tensor([0.9407, 0.9897, 0.9472, 0.9425, 0.9425, 0.7573, 0.9250, 0.9544, 0.9517,
        0.9309], device='cuda:2')

| Epoch:268   Accuracy:91.98
Recall:
tensor([0.9310, 0.9600, 0.8460, 0.6470, 0.9060, 0.9640, 0.9870, 0.9850, 0.9910,
        0.9810], device='cuda:2')
Precision:
tensor([0.9338, 0.9907, 0.9581, 0.9515, 0.9517, 0.7473, 0.9063, 0.9417, 0.9376,
        0.9460], device='cuda:2')

| Epoch:269   Accuracy:91.22
Recall:
tensor([0.9280, 0.9680, 0.8530, 0.5510, 0.9070, 0.9760, 0.9890, 0.9840, 0.9900,
        0.9760], device='cuda:2')
Precision:
tensor([0.9440, 0.9878, 0.9488, 0.9583, 0.9448, 0.6961, 0.8942, 0.9553, 0.9411,
        0.9635], device='cuda:2')

| Epoch:270   Accuracy:91.74
Recall:
tensor([0.9460, 0.9620, 0.8420, 0.6030, 0.9110, 0.9710, 0.9860, 0.9880, 0.9850,
        0.9800], device='cuda:2')
Precision:
tensor([0.9238, 0.9907, 0.9601, 0.9451, 0.9460, 0.7177, 0.9311, 0.9401, 0.9526,
        0.9515], device='cuda:2')

| Epoch:271   Accuracy:91.68
Recall:
tensor([0.9410, 0.9680, 0.8790, 0.5930, 0.8900, 0.9710, 0.9880, 0.9860, 0.9760,
        0.9760], device='cuda:2')
Precision:
tensor([0.9448, 0.9857, 0.9233, 0.9595, 0.9622, 0.7145, 0.9140, 0.9241, 0.9673,
        0.9654], device='cuda:2')

| Epoch:272   Accuracy:91.00
Recall:
tensor([0.9320, 0.9630, 0.8480, 0.5550, 0.8780, 0.9800, 0.9850, 0.9850, 0.9860,
        0.9880], device='cuda:2')
Precision:
tensor([0.9367, 0.9867, 0.9615, 0.9652, 0.9670, 0.6759, 0.9206, 0.9372, 0.9591,
        0.9277], device='cuda:2')

| Epoch:273   Accuracy:91.86
Recall:
tensor([0.9440, 0.9660, 0.8530, 0.5980, 0.9160, 0.9690, 0.9840, 0.9880, 0.9820,
        0.9860], device='cuda:2')
Precision:
tensor([0.9374, 0.9887, 0.9520, 0.9599, 0.9434, 0.7258, 0.9257, 0.9303, 0.9580,
        0.9472], device='cuda:2')

| Epoch:274   Accuracy:92.20
Recall:
tensor([0.9400, 0.9490, 0.8480, 0.6470, 0.9270, 0.9610, 0.9830, 0.9890, 0.9870,
        0.9890], device='cuda:2')
Precision:
tensor([0.9243, 0.9937, 0.9582, 0.9543, 0.9421, 0.7682, 0.9291, 0.9383, 0.9481,
        0.9183], device='cuda:2')

| Epoch:275   Accuracy:91.94
Recall:
tensor([0.9250, 0.9560, 0.8380, 0.6570, 0.9060, 0.9770, 0.9870, 0.9750, 0.9900,
        0.9830], device='cuda:2')
Precision:
tensor([0.9325, 0.9927, 0.9643, 0.9386, 0.9618, 0.7237, 0.9199, 0.9731, 0.9393,
        0.9318], device='cuda:2')

| Epoch:276   Accuracy:91.97
Recall:
tensor([0.9400, 0.9550, 0.8380, 0.6420, 0.9090, 0.9750, 0.9850, 0.9810, 0.9880,
        0.9840], device='cuda:2')
Precision:
tensor([0.9216, 0.9917, 0.9577, 0.9497, 0.9528, 0.7409, 0.9062, 0.9599, 0.9546,
        0.9354], device='cuda:2')

| Epoch:277   Accuracy:91.60
Recall:
tensor([0.9330, 0.9670, 0.8690, 0.5720, 0.9020, 0.9770, 0.9870, 0.9820, 0.9870,
        0.9840], device='cuda:2')
Precision:
tensor([0.9367, 0.9908, 0.9435, 0.9679, 0.9606, 0.7142, 0.8932, 0.9609, 0.9518,
        0.9416], device='cuda:2')

| Epoch:278   Accuracy:92.06
Recall:
tensor([0.9310, 0.9620, 0.8610, 0.6380, 0.9020, 0.9670, 0.9870, 0.9880, 0.9880,
        0.9820], device='cuda:2')
Precision:
tensor([0.9357, 0.9887, 0.9441, 0.9594, 0.9545, 0.7444, 0.9216, 0.9365, 0.9564,
        0.9335], device='cuda:2')

| Epoch:279   Accuracy:92.76
Recall:
tensor([0.9550, 0.9670, 0.8460, 0.6930, 0.9140, 0.9670, 0.9840, 0.9820, 0.9880,
        0.9800], device='cuda:2')
Precision:
tensor([0.9254, 0.9908, 0.9614, 0.9365, 0.9511, 0.7626, 0.9257, 0.9534, 0.9630,
        0.9570], device='cuda:2')

| Epoch:280   Accuracy:92.13
Recall:
tensor([0.9370, 0.9650, 0.8900, 0.6070, 0.9030, 0.9710, 0.9890, 0.9830, 0.9880,
        0.9800], device='cuda:2')
Precision:
tensor([0.9513, 0.9867, 0.9213, 0.9589, 0.9485, 0.7295, 0.9286, 0.9507, 0.9620,
        0.9524], device='cuda:2')

| Epoch:281   Accuracy:92.24
Recall:
tensor([0.9450, 0.9710, 0.8430, 0.6370, 0.9190, 0.9740, 0.9860, 0.9810, 0.9880,
        0.9800], device='cuda:2')
Precision:
tensor([0.9265, 0.9868, 0.9493, 0.9637, 0.9523, 0.7407, 0.9079, 0.9684, 0.9564,
        0.9469], device='cuda:2')

| Epoch:282   Accuracy:92.24
Recall:
tensor([0.9390, 0.9680, 0.8660, 0.6390, 0.9000, 0.9720, 0.9860, 0.9830, 0.9910,
        0.9800], device='cuda:2')
Precision:
tensor([0.9381, 0.9898, 0.9444, 0.9552, 0.9585, 0.7336, 0.9198, 0.9553, 0.9538,
        0.9505], device='cuda:2')

| Epoch:283   Accuracy:91.94
Recall:
tensor([0.9490, 0.9590, 0.8200, 0.6510, 0.9020, 0.9650, 0.9890, 0.9850, 0.9860,
        0.9880], device='cuda:2')
Precision:
tensor([0.9205, 0.9917, 0.9647, 0.9545, 0.9575, 0.7481, 0.8807, 0.9535, 0.9573,
        0.9392], device='cuda:2')

| Epoch:284   Accuracy:91.77
Recall:
tensor([0.9370, 0.9750, 0.8470, 0.5970, 0.9200, 0.9680, 0.9900, 0.9820, 0.9810,
        0.9800], device='cuda:2')
Precision:
tensor([0.9333, 0.9789, 0.9517, 0.9614, 0.9504, 0.7350, 0.8855, 0.9609, 0.9589,
        0.9414], device='cuda:2')

| Epoch:285   Accuracy:91.98
Recall:
tensor([0.9330, 0.9690, 0.8640, 0.6270, 0.9030, 0.9730, 0.9880, 0.9820, 0.9830,
        0.9760], device='cuda:2')
Precision:
tensor([0.9377, 0.9778, 0.9412, 0.9543, 0.9678, 0.7288, 0.9073, 0.9571, 0.9609,
        0.9448], device='cuda:2')

| Epoch:286   Accuracy:91.21
Recall:
tensor([0.9290, 0.9650, 0.8820, 0.5470, 0.8790, 0.9730, 0.9880, 0.9880, 0.9870,
        0.9830], device='cuda:2')
Precision:
tensor([0.9365, 0.9887, 0.9284, 0.9716, 0.9649, 0.7056, 0.9131, 0.9251, 0.9490,
        0.9461], device='cuda:2')

| Epoch:287   Accuracy:91.13
Recall:
tensor([0.9300, 0.9670, 0.8520, 0.5460, 0.8990, 0.9840, 0.9840, 0.9830, 0.9840,
        0.9840], device='cuda:2')
Precision:
tensor([0.9375, 0.9888, 0.9541, 0.9681, 0.9677, 0.6658, 0.9371, 0.9398, 0.9600,
        0.9416], device='cuda:2')

| Epoch:288   Accuracy:92.19
Recall:
tensor([0.9430, 0.9640, 0.8660, 0.6330, 0.8950, 0.9740, 0.9870, 0.9860, 0.9840,
        0.9870], device='cuda:2')
Precision:
tensor([0.9236, 0.9918, 0.9413, 0.9620, 0.9655, 0.7307, 0.9207, 0.9564, 0.9581,
        0.9500], device='cuda:2')

| Epoch:289   Accuracy:91.49
Recall:
tensor([0.9500, 0.9670, 0.8570, 0.5520, 0.9040, 0.9870, 0.9880, 0.9780, 0.9850,
        0.9810], device='cuda:2')
Precision:
tensor([0.9332, 0.9908, 0.9575, 0.9684, 0.9597, 0.6719, 0.9330, 0.9683, 0.9685,
        0.9397], device='cuda:2')

| Epoch:290   Accuracy:91.90
Recall:
tensor([0.9460, 0.9600, 0.8530, 0.6120, 0.8970, 0.9780, 0.9870, 0.9840, 0.9870,
        0.9860], device='cuda:2')
Precision:
tensor([0.9339, 0.9907, 0.9478, 0.9608, 0.9666, 0.7160, 0.9207, 0.9544, 0.9564,
        0.9373], device='cuda:2')

| Epoch:291   Accuracy:92.06
Recall:
tensor([0.9510, 0.9650, 0.8580, 0.6240, 0.8880, 0.9710, 0.9880, 0.9910, 0.9840,
        0.9860], device='cuda:2')
Precision:
tensor([0.9305, 0.9887, 0.9470, 0.9585, 0.9621, 0.7356, 0.9157, 0.9393, 0.9591,
        0.9463], device='cuda:2')

| Epoch:292   Accuracy:92.32
Recall:
tensor([0.9510, 0.9660, 0.8640, 0.6350, 0.9080, 0.9690, 0.9880, 0.9870, 0.9830,
        0.9810], device='cuda:2')
Precision:
tensor([0.9351, 0.9908, 0.9412, 0.9492, 0.9588, 0.7408, 0.9106, 0.9527, 0.9600,
        0.9608], device='cuda:2')

| Epoch:293   Accuracy:91.98
Recall:
tensor([0.9370, 0.9640, 0.8430, 0.6180, 0.9220, 0.9790, 0.9860, 0.9810, 0.9810,
        0.9870], device='cuda:2')
Precision:
tensor([0.9213, 0.9887, 0.9547, 0.9537, 0.9525, 0.7290, 0.9224, 0.9646, 0.9599,
        0.9329], device='cuda:2')

| Epoch:294   Accuracy:91.91
Recall:
tensor([0.9450, 0.9700, 0.8420, 0.6180, 0.9060, 0.9760, 0.9850, 0.9800, 0.9890,
        0.9800], device='cuda:2')
Precision:
tensor([0.9238, 0.9888, 0.9503, 0.9522, 0.9487, 0.7171, 0.9240, 0.9646, 0.9528,
        0.9561], device='cuda:2')

| Epoch:295   Accuracy:91.24
Recall:
tensor([0.9260, 0.9560, 0.8490, 0.5730, 0.8930, 0.9760, 0.9870, 0.9860, 0.9890,
        0.9890], device='cuda:2')
Precision:
tensor([0.9232, 0.9907, 0.9507, 0.9663, 0.9665, 0.7088, 0.9105, 0.9517, 0.9410,
        0.9209], device='cuda:2')

| Epoch:296   Accuracy:92.65
Recall:
tensor([0.9300, 0.9700, 0.8660, 0.6730, 0.9150, 0.9670, 0.9890, 0.9850, 0.9880,
        0.9820], device='cuda:2')
Precision:
tensor([0.9403, 0.9858, 0.9454, 0.9573, 0.9561, 0.7730, 0.9174, 0.9517, 0.9418,
        0.9461], device='cuda:2')

| Epoch:297   Accuracy:92.39
Recall:
tensor([0.9250, 0.9580, 0.8830, 0.6330, 0.9200, 0.9740, 0.9870, 0.9840, 0.9880,
        0.9870], device='cuda:2')
Precision:
tensor([0.9410, 0.9907, 0.9384, 0.9562, 0.9593, 0.7550, 0.9207, 0.9723, 0.9427,
        0.9259], device='cuda:2')

| Epoch:298   Accuracy:92.58
Recall:
tensor([0.9290, 0.9540, 0.8450, 0.6960, 0.9150, 0.9670, 0.9880, 0.9820, 0.9920,
        0.9900], device='cuda:2')
Precision:
tensor([0.9337, 0.9937, 0.9646, 0.9444, 0.9601, 0.7711, 0.9073, 0.9618, 0.9403,
        0.9340], device='cuda:2')

| Epoch:299   Accuracy:92.46
Recall:
tensor([0.9470, 0.9680, 0.8490, 0.6490, 0.9240, 0.9690, 0.9870, 0.9830, 0.9870,
        0.9830], device='cuda:2')
Precision:
tensor([0.9194, 0.9898, 0.9550, 0.9601, 0.9526, 0.7588, 0.9199, 0.9544, 0.9509,
        0.9461], device='cuda:2')

| Epoch:300   Accuracy:92.23
Recall:
tensor([0.9500, 0.9730, 0.8480, 0.6230, 0.9160, 0.9780, 0.9870, 0.9800, 0.9880,
        0.9800], device='cuda:2')
Precision:
tensor([0.9232, 0.9878, 0.9571, 0.9599, 0.9562, 0.7175, 0.9250, 0.9703, 0.9564,
        0.9608], device='cuda:2')
