
| Epoch:0   Accuracy:22.43
Recall:
tensor([0.0840, 0.6670, 0.0170, 0.0000, 0.8650, 0.0260, 0.0020, 0.0030, 0.4550,
        0.1240], device='cuda:0')
Precision:
tensor([0.4615, 0.2795, 0.2024,    nan, 0.1567, 0.3939, 0.1818, 0.0789, 0.3403,
        0.3307], device='cuda:0')

| Epoch:1   Accuracy:25.90
Recall:
tensor([0.2900, 0.0260, 0.0950, 0.0000, 0.2600, 0.8600, 0.0230, 0.0000, 0.3170,
        0.7190], device='cuda:0')
Precision:
tensor([0.4778, 0.7222, 0.2306,    nan, 0.3258, 0.1783, 0.7667,    nan, 0.4789,
        0.2733], device='cuda:0')

| Epoch:2   Accuracy:27.65
Recall:
tensor([0.5750, 0.6810, 0.0000, 0.0010, 0.6940, 0.2730, 0.3080, 0.0480, 0.0480,
        0.1370], device='cuda:0')
Precision:
tensor([0.3326, 0.3317,    nan, 0.0833, 0.1864, 0.3362, 0.3086, 0.2043, 0.6154,
        0.3816], device='cuda:0')

| Epoch:3   Accuracy:30.56
Recall:
tensor([0.0590, 0.7530, 0.0130, 0.3380, 0.5220, 0.2890, 0.2190, 0.0750, 0.7550,
        0.0330], device='cuda:0')
Precision:
tensor([0.8194, 0.2967, 0.2453, 0.2407, 0.2772, 0.3997, 0.4582, 0.1870, 0.3194,
        0.3929], device='cuda:0')

| Epoch:4   Accuracy:29.44
Recall:
tensor([0.4280, 0.7740, 0.3690, 0.6290, 0.0500, 0.0470, 0.0590, 0.0120, 0.5120,
        0.0640], device='cuda:0')
Precision:
tensor([0.4520, 0.2962, 0.1931, 0.2278, 0.2525, 0.5281, 0.6277, 0.3000, 0.4132,
        0.5926], device='cuda:0')

| Epoch:5   Accuracy:32.26
Recall:
tensor([0.0580, 0.6700, 0.2700, 0.1140, 0.1440, 0.4630, 0.6340, 0.1310, 0.7370,
        0.0050], device='cuda:0')
Precision:
tensor([0.7073, 0.4356, 0.1885, 0.2180, 0.4311, 0.3333, 0.3088, 0.3308, 0.3283,
        0.6250], device='cuda:0')

| Epoch:6   Accuracy:31.93
Recall:
tensor([0.3190, 0.8980, 0.0000, 0.0000, 0.1130, 0.7370, 0.3450, 0.2400, 0.4910,
        0.0500], device='cuda:0')
Precision:
tensor([0.5334, 0.2508,    nan,    nan, 0.4363, 0.2287, 0.5007, 0.3535, 0.5450,
        0.7042], device='cuda:0')

| Epoch:7   Accuracy:33.91
Recall:
tensor([0.2260, 0.3780, 0.0000, 0.0250, 0.5070, 0.6990, 0.4560, 0.0240, 0.8160,
        0.2600], device='cuda:0')
Precision:
tensor([0.6384, 0.5860,    nan, 0.1953, 0.2659, 0.2689, 0.3368, 0.2353, 0.3346,
        0.5508], device='cuda:0')

| Epoch:8   Accuracy:38.11
Recall:
tensor([0.5910, 0.5370, 0.0100, 0.0250, 0.2970, 0.7050, 0.4460, 0.3020, 0.3820,
        0.5160], device='cuda:0')
Precision:
tensor([0.3524, 0.5370, 0.3846, 0.2907, 0.3194, 0.2371, 0.4705, 0.4154, 0.6073,
        0.5139], device='cuda:0')

| Epoch:9   Accuracy:37.22
Recall:
tensor([0.2180, 0.4750, 0.0900, 0.5520, 0.3990, 0.1570, 0.4550, 0.2500, 0.8300,
        0.2960], device='cuda:0')
Precision:
tensor([0.6374, 0.5530, 0.3346, 0.2360, 0.3276, 0.3955, 0.4536, 0.4288, 0.3331,
        0.5944], device='cuda:0')

| Epoch:10   Accuracy:38.79
Recall:
tensor([0.3370, 0.4560, 0.0040, 0.0620, 0.5370, 0.6790, 0.4140, 0.0770, 0.6060,
        0.7070], device='cuda:0')
Precision:
tensor([0.5225, 0.4145, 0.4000, 0.1981, 0.2849, 0.2942, 0.6207, 0.6754, 0.5008,
        0.4045], device='cuda:0')

| Epoch:11   Accuracy:40.25
Recall:
tensor([0.3920, 0.6330, 0.2630, 0.3620, 0.2770, 0.3910, 0.5060, 0.0970, 0.6690,
        0.4350], device='cuda:0')
Precision:
tensor([0.5490, 0.5244, 0.1952, 0.2254, 0.3693, 0.3594, 0.4861, 0.7185, 0.5030,
        0.5563], device='cuda:0')

| Epoch:12   Accuracy:40.46
Recall:
tensor([0.4290, 0.6510, 0.0000, 0.1640, 0.2360, 0.6270, 0.5830, 0.3120, 0.6810,
        0.3630], device='cuda:0')
Precision:
tensor([0.4243, 0.4717, 0.0000, 0.2291, 0.3794, 0.2856, 0.4144, 0.5622, 0.4736,
        0.5378], device='cuda:0')

| Epoch:13   Accuracy:41.46
Recall:
tensor([0.4540, 0.2910, 0.0520, 0.0410, 0.4780, 0.5270, 0.5100, 0.5420, 0.7660,
        0.4850], device='cuda:0')
Precision:
tensor([0.4054, 0.6139, 0.3444, 0.5395, 0.2892, 0.3279, 0.5490, 0.4009, 0.4320,
        0.5607], device='cuda:0')

| Epoch:14   Accuracy:41.01
Recall:
tensor([0.2940, 0.5410, 0.0000, 0.4090, 0.4050, 0.4120, 0.3660, 0.2970, 0.6840,
        0.6930], device='cuda:0')
Precision:
tensor([0.5516, 0.5537,    nan, 0.2852, 0.2489, 0.2795, 0.6267, 0.5583, 0.5052,
        0.4667], device='cuda:0')

| Epoch:15   Accuracy:41.37
Recall:
tensor([0.1980, 0.2960, 0.0000, 0.2400, 0.4640, 0.5080, 0.5940, 0.3090, 0.8320,
        0.6960], device='cuda:0')
Precision:
tensor([0.7253, 0.6245,    nan, 0.2510, 0.3150, 0.3223, 0.5706, 0.6012, 0.4049,
        0.4249], device='cuda:0')

| Epoch:16   Accuracy:41.76
Recall:
tensor([0.4280, 0.5950, 0.0080, 0.1800, 0.4000, 0.4110, 0.4600, 0.6800, 0.4780,
        0.5360], device='cuda:0')
Precision:
tensor([0.5284, 0.4514, 0.3478, 0.3237, 0.3094, 0.2870, 0.5269, 0.3431, 0.6144,
        0.5733], device='cuda:0')

| Epoch:17   Accuracy:41.90
Recall:
tensor([0.4140, 0.5230, 0.0100, 0.2890, 0.3660, 0.2850, 0.5020, 0.5960, 0.5240,
        0.6810], device='cuda:0')
Precision:
tensor([0.4615, 0.5570, 0.4000, 0.2686, 0.3472, 0.3554, 0.4960, 0.3373, 0.6390,
        0.4235], device='cuda:0')

| Epoch:18   Accuracy:44.83
Recall:
tensor([0.4040, 0.4680, 0.2650, 0.1570, 0.4240, 0.4310, 0.4170, 0.4730, 0.7890,
        0.6550], device='cuda:0')
Precision:
tensor([0.5722, 0.6592, 0.2381, 0.3109, 0.3575, 0.3556, 0.6619, 0.5209, 0.4582,
        0.5008], device='cuda:0')

| Epoch:19   Accuracy:45.39
Recall:
tensor([0.3790, 0.4650, 0.0560, 0.0000, 0.4130, 0.6860, 0.5330, 0.5400, 0.7310,
        0.7360], device='cuda:0')
Precision:
tensor([0.5822, 0.6828, 0.5045, 0.0000, 0.3598, 0.2874, 0.5599, 0.4600, 0.5336,
        0.4829], device='cuda:0')

| Epoch:20   Accuracy:44.66
Recall:
tensor([0.3420, 0.7710, 0.1590, 0.0820, 0.1520, 0.5390, 0.6920, 0.4520, 0.7340,
        0.5430], device='cuda:0')
Precision:
tensor([0.5672, 0.4895, 0.3510, 0.4039, 0.3887, 0.2988, 0.4301, 0.5136, 0.5389,
        0.4848], device='cuda:0')

| Epoch:21   Accuracy:44.52
Recall:
tensor([0.3670, 0.8120, 0.0720, 0.6710, 0.3500, 0.0480, 0.3710, 0.6520, 0.5910,
        0.5180], device='cuda:0')
Precision:
tensor([0.5258, 0.4598, 0.2892, 0.2732, 0.3448, 0.6000, 0.6795, 0.4426, 0.6124,
        0.6888], device='cuda:0')

| Epoch:22   Accuracy:45.37
Recall:
tensor([0.6810, 0.7760, 0.2280, 0.1500, 0.1440, 0.5150, 0.7390, 0.3350, 0.4680,
        0.5010], device='cuda:0')
Precision:
tensor([0.3611, 0.4638, 0.3052, 0.3363, 0.5333, 0.3726, 0.4630, 0.5602, 0.7256,
        0.6618], device='cuda:0')

| Epoch:23   Accuracy:43.44
Recall:
tensor([0.6060, 0.7690, 0.0660, 0.1720, 0.4280, 0.5510, 0.6250, 0.3850, 0.4380,
        0.3040], device='cuda:0')
Precision:
tensor([0.3686, 0.5010, 0.4748, 0.3233, 0.3600, 0.3058, 0.4192, 0.5941, 0.7042,
        0.7638], device='cuda:0')

| Epoch:24   Accuracy:44.83
Recall:
tensor([0.4180, 0.6690, 0.0210, 0.5110, 0.4570, 0.3300, 0.4760, 0.3560, 0.5890,
        0.6560], device='cuda:0')
Precision:
tensor([0.5123, 0.4630, 0.4468, 0.2819, 0.3124, 0.3679, 0.5385, 0.6833, 0.6097,
        0.5714], device='cuda:0')

| Epoch:25   Accuracy:45.30
Recall:
tensor([0.3630, 0.3320, 0.1450, 0.2040, 0.2430, 0.5370, 0.6310, 0.6280, 0.7910,
        0.6560], device='cuda:0')
Precision:
tensor([0.6121, 0.7757, 0.3580, 0.3322, 0.4332, 0.3069, 0.5012, 0.4611, 0.4346,
        0.5430], device='cuda:0')

| Epoch:26   Accuracy:45.87
Recall:
tensor([0.4650, 0.7150, 0.2400, 0.0930, 0.2120, 0.3710, 0.7790, 0.4550, 0.6850,
        0.5720], device='cuda:0')
Precision:
tensor([0.4692, 0.5288, 0.3154, 0.3811, 0.4257, 0.4095, 0.3909, 0.4835, 0.5583,
        0.5262], device='cuda:0')

| Epoch:27   Accuracy:47.37
Recall:
tensor([0.4470, 0.7550, 0.3070, 0.1520, 0.1710, 0.6280, 0.7040, 0.4720, 0.6180,
        0.4830], device='cuda:0')
Precision:
tensor([0.5651, 0.5309, 0.3396, 0.3207, 0.3808, 0.3279, 0.4805, 0.5687, 0.6071,
        0.6598], device='cuda:0')

| Epoch:28   Accuracy:49.38
Recall:
tensor([0.5910, 0.6270, 0.2210, 0.3250, 0.3060, 0.3990, 0.7490, 0.5420, 0.5320,
        0.6460], device='cuda:0')
Precision:
tensor([0.4592, 0.6233, 0.3459, 0.3502, 0.4454, 0.4178, 0.4823, 0.5157, 0.6480,
        0.6021], device='cuda:0')

| Epoch:29   Accuracy:43.06
Recall:
tensor([0.3330, 0.2960, 0.3320, 0.0360, 0.5020, 0.5090, 0.6090, 0.3730, 0.8390,
        0.4770], device='cuda:0')
Precision:
tensor([0.6077, 0.7609, 0.2826, 0.4045, 0.3422, 0.3734, 0.4458, 0.6196, 0.3714,
        0.6429], device='cuda:0')

| Epoch:30   Accuracy:50.84
Recall:
tensor([0.4810, 0.7690, 0.3720, 0.3070, 0.3430, 0.4270, 0.6620, 0.5140, 0.7530,
        0.4560], device='cuda:0')
Precision:
tensor([0.5719, 0.5329, 0.2955, 0.3574, 0.5097, 0.4245, 0.6275, 0.6307, 0.5158,
        0.7742], device='cuda:0')

| Epoch:31   Accuracy:52.10
Recall:
tensor([0.5540, 0.7200, 0.3730, 0.2030, 0.3000, 0.5150, 0.6160, 0.5510, 0.7990,
        0.5790], device='cuda:0')
Precision:
tensor([0.4881, 0.5863, 0.3103, 0.3470, 0.4983, 0.4130, 0.6602, 0.6304, 0.5402,
        0.8098], device='cuda:0')

| Epoch:32   Accuracy:52.36
Recall:
tensor([0.5830, 0.8730, 0.4270, 0.1460, 0.2180, 0.4410, 0.6790, 0.6110, 0.7140,
        0.5440], device='cuda:0')
Precision:
tensor([0.5196, 0.5539, 0.3037, 0.3484, 0.5767, 0.4184, 0.5735, 0.5700, 0.6369,
        0.8144], device='cuda:0')

| Epoch:33   Accuracy:54.06
Recall:
tensor([0.7750, 0.7730, 0.3180, 0.2210, 0.2530, 0.5400, 0.6760, 0.5420, 0.5440,
        0.7640], device='cuda:0')
Precision:
tensor([0.4728, 0.6077, 0.3836, 0.3074, 0.6309, 0.3950, 0.6090, 0.6530, 0.8119,
        0.6569], device='cuda:0')

| Epoch:34   Accuracy:53.92
Recall:
tensor([0.7960, 0.7980, 0.3410, 0.0160, 0.4050, 0.6020, 0.6900, 0.5340, 0.5650,
        0.6450], device='cuda:0')
Precision:
tensor([0.4080, 0.5868, 0.3434, 0.4324, 0.5633, 0.3953, 0.6267, 0.7130, 0.7474,
        0.7953], device='cuda:0')

| Epoch:35   Accuracy:52.15
Recall:
tensor([0.8050, 0.8220, 0.2300, 0.1100, 0.2120, 0.6150, 0.7440, 0.6450, 0.4640,
        0.5680], device='cuda:0')
Precision:
tensor([0.4326, 0.5532, 0.4259, 0.3064, 0.5300, 0.3915, 0.4934, 0.6011, 0.8872,
        0.8365], device='cuda:0')

| Epoch:36   Accuracy:52.32
Recall:
tensor([0.7580, 0.9130, 0.3340, 0.2370, 0.2130, 0.4310, 0.7030, 0.6740, 0.4590,
        0.5100], device='cuda:0')
Precision:
tensor([0.4361, 0.4818, 0.3699, 0.3455, 0.6358, 0.4716, 0.5706, 0.5975, 0.8500,
        0.8108], device='cuda:0')

| Epoch:37   Accuracy:52.75
Recall:
tensor([0.7410, 0.8300, 0.3120, 0.0320, 0.0810, 0.5990, 0.6940, 0.6620, 0.6760,
        0.6480], device='cuda:0')
Precision:
tensor([0.4268, 0.6067, 0.3944, 0.4211, 0.6864, 0.3842, 0.5210, 0.4955, 0.7638,
        0.8110], device='cuda:0')

| Epoch:38   Accuracy:53.15
Recall:
tensor([0.8360, 0.8550, 0.2480, 0.0000, 0.0920, 0.5650, 0.7850, 0.6730, 0.5670,
        0.6940], device='cuda:0')
Precision:
tensor([0.3847, 0.7252, 0.4366,    nan, 0.6571, 0.3979, 0.4383, 0.5333, 0.8514,
        0.8664], device='cuda:0')

| Epoch:39   Accuracy:47.47
Recall:
tensor([0.8980, 0.8690, 0.0760, 0.0000, 0.0340, 0.7020, 0.7170, 0.6250, 0.2060,
        0.6200], device='cuda:0')
Precision:
tensor([0.3090, 0.6623, 0.6080,    nan, 0.6296, 0.3540, 0.4796, 0.5416, 0.9406,
        0.8245], device='cuda:0')

| Epoch:40   Accuracy:49.40
Recall:
tensor([0.8550, 0.8910, 0.0640, 0.0000, 0.0600, 0.6770, 0.7160, 0.6480, 0.3750,
        0.6540], device='cuda:0')
Precision:
tensor([0.3379, 0.6239, 0.6667,    nan, 0.5217, 0.3456, 0.4698, 0.5459, 0.9305,
        0.8628], device='cuda:0')

| Epoch:41   Accuracy:50.94
Recall:
tensor([0.8490, 0.8910, 0.0890, 0.0000, 0.0280, 0.5970, 0.7580, 0.6630, 0.5390,
        0.6800], device='cuda:0')
Precision:
tensor([0.3505, 0.6694, 0.7063,    nan, 0.7368, 0.3771, 0.4273, 0.5053, 0.9059,
        0.8303], device='cuda:0')

| Epoch:42   Accuracy:49.60
Recall:
tensor([0.8700, 0.8850, 0.0800, 0.0000, 0.0140, 0.5360, 0.7560, 0.5900, 0.5590,
        0.6700], device='cuda:0')
Precision:
tensor([0.3212, 0.6413, 0.6897,    nan, 0.5833, 0.3976, 0.3867, 0.5448, 0.8817,
        0.8921], device='cuda:0')

| Epoch:43   Accuracy:51.38
Recall:
tensor([0.8500, 0.8950, 0.0660, 0.0000, 0.0020, 0.5480, 0.7520, 0.6800, 0.6090,
        0.7360], device='cuda:0')
Precision:
tensor([0.3451, 0.7042, 0.6471,    nan, 0.2857, 0.3903, 0.3852, 0.5592, 0.8865,
        0.8196], device='cuda:0')

| Epoch:44   Accuracy:51.44
Recall:
tensor([0.8270, 0.9380, 0.0480, 0.0000, 0.0040, 0.5750, 0.6760, 0.6790, 0.6900,
        0.7070], device='cuda:0')
Precision:
tensor([0.3575, 0.6325, 0.7619,    nan, 0.5714, 0.3667, 0.4462, 0.4938, 0.8498,
        0.8183], device='cuda:0')

| Epoch:45   Accuracy:51.87
Recall:
tensor([0.8360, 0.9260, 0.0250, 0.0000, 0.0010, 0.6050, 0.6980, 0.6470, 0.7390,
        0.7100], device='cuda:0')
Precision:
tensor([0.3486, 0.7173, 0.6757,    nan, 0.3333, 0.3505, 0.4663, 0.4692, 0.8313,
        0.9103], device='cuda:0')

| Epoch:46   Accuracy:52.05
Recall:
tensor([0.8420, 0.9320, 0.0270, 0.0000, 0.0040, 0.6060, 0.7140, 0.6570, 0.6820,
        0.7410], device='cuda:0')
Precision:
tensor([0.3578, 0.7247, 0.7297,    nan, 0.5000, 0.3548, 0.4087, 0.5223, 0.9045,
        0.8728], device='cuda:0')

| Epoch:47   Accuracy:51.90
Recall:
tensor([0.8650, 0.9210, 0.0320, 0.0000, 0.0120, 0.6340, 0.6800, 0.6480, 0.5950,
        0.8030], device='cuda:0')
Precision:
tensor([0.3636, 0.7014, 0.7805,    nan, 0.4615, 0.3429, 0.4290, 0.5251, 0.9566,
        0.8444], device='cuda:0')

| Epoch:48   Accuracy:51.85
Recall:
tensor([0.8500, 0.8900, 0.0610, 0.0000, 0.0200, 0.6120, 0.7090, 0.6270, 0.6500,
        0.7660], device='cuda:0')
Precision:
tensor([0.3415, 0.7773, 0.7349,    nan, 0.4651, 0.3495, 0.4240, 0.5020, 0.9339,
        0.8784], device='cuda:0')

| Epoch:49   Accuracy:51.98
Recall:
tensor([0.8650, 0.9060, 0.0280, 0.0000, 0.0080, 0.5850, 0.6960, 0.6390, 0.6750,
        0.7960], device='cuda:0')
Precision:
tensor([0.3342, 0.7569, 0.7368,    nan, 0.4706, 0.3421, 0.4388, 0.5067, 0.9323,
        0.9056], device='cuda:0')

| Epoch:50   Accuracy:53.56
Recall:
tensor([0.8610, 0.9030, 0.0560, 0.0000, 0.0350, 0.6560, 0.6630, 0.6570, 0.7140,
        0.8110], device='cuda:0')
Precision:
tensor([0.3689, 0.7614, 0.6512,    nan, 0.4730, 0.3536, 0.4444, 0.5105, 0.9321,
        0.8815], device='cuda:0')

| Epoch:51   Accuracy:53.30
Recall:
tensor([0.8270, 0.9460, 0.0500, 0.0000, 0.0250, 0.6940, 0.5840, 0.6300, 0.7700,
        0.8040], device='cuda:0')
Precision:
tensor([0.3970, 0.7102, 0.6494,    nan, 0.4808, 0.3200, 0.4767, 0.4918, 0.9059,
        0.8636], device='cuda:0')

| Epoch:52   Accuracy:52.41
Recall:
tensor([0.8510, 0.9460, 0.0270, 0.0000, 0.0090, 0.6690, 0.5820, 0.6670, 0.7550,
        0.7350], device='cuda:0')
Precision:
tensor([0.3640, 0.7466, 0.7105,    nan, 0.3600, 0.3153, 0.5808, 0.4254, 0.9174,
        0.8996], device='cuda:0')

| Epoch:53   Accuracy:51.95
Recall:
tensor([0.8800, 0.9460, 0.0040, 0.0000, 0.0020, 0.6770, 0.5890, 0.6530, 0.7170,
        0.7270], device='cuda:0')
Precision:
tensor([0.3530, 0.7002, 0.5714,    nan, 0.6667, 0.3260, 0.5325, 0.4722, 0.9240,
        0.9042], device='cuda:0')

| Epoch:54   Accuracy:53.89
Recall:
tensor([0.8600, 0.9370, 0.0060, 0.0000, 0.0030, 0.6770, 0.5910, 0.6880, 0.8180,
        0.8090], device='cuda:0')
Precision:
tensor([0.3857, 0.6987, 0.6667,    nan, 0.7500, 0.3370, 0.5353, 0.4729, 0.9079,
        0.8543], device='cuda:0')

| Epoch:55   Accuracy:54.26
Recall:
tensor([0.8840, 0.9530, 0.0210, 0.0000, 0.0100, 0.6640, 0.6260, 0.6960, 0.7910,
        0.7810], device='cuda:0')
Precision:
tensor([0.3893, 0.6413, 0.5385,    nan, 0.9091, 0.3562, 0.5073, 0.5140, 0.9251,
        0.8815], device='cuda:0')

| Epoch:56   Accuracy:54.02
Recall:
tensor([0.8880, 0.9440, 0.0200, 0.0000, 0.0130, 0.6680, 0.6120, 0.6590, 0.7920,
        0.8060], device='cuda:0')
Precision:
tensor([0.3795, 0.6515, 0.4651,    nan, 0.6842, 0.3405, 0.5479, 0.5173, 0.9406,
        0.8449], device='cuda:0')

| Epoch:57   Accuracy:55.20
Recall:
tensor([0.8930, 0.9410, 0.0150, 0.0000, 0.0120, 0.7010, 0.6570, 0.6660, 0.8120,
        0.8230], device='cuda:0')
Precision:
tensor([0.3951, 0.6834, 0.5172,    nan, 0.6667, 0.3516, 0.5443, 0.5088, 0.9497,
        0.8654], device='cuda:0')

| Epoch:58   Accuracy:55.40
Recall:
tensor([0.8680, 0.9500, 0.0400, 0.0000, 0.0220, 0.6720, 0.6650, 0.6310, 0.8830,
        0.8090], device='cuda:0')
Precision:
tensor([0.3825, 0.7053, 0.5063,    nan, 0.7333, 0.3627, 0.5139, 0.5280, 0.8725,
        0.8784], device='cuda:0')

| Epoch:59   Accuracy:55.59
Recall:
tensor([0.8540, 0.9530, 0.0170, 0.0000, 0.0220, 0.7820, 0.5730, 0.6290, 0.8890,
        0.8400], device='cuda:0')
Precision:
tensor([0.4377, 0.6886, 0.5152,    nan, 0.5366, 0.3167, 0.5590, 0.5299, 0.9118,
        0.8984], device='cuda:0')

| Epoch:60   Accuracy:55.17
Recall:
tensor([0.8710, 0.9650, 0.0210, 0.0000, 0.0400, 0.7450, 0.5980, 0.5950, 0.8800,
        0.8020], device='cuda:0')
Precision:
tensor([0.4110, 0.6678, 0.4468,    nan, 0.5970, 0.3224, 0.5160, 0.5699, 0.9293,
        0.9315], device='cuda:0')

| Epoch:61   Accuracy:55.13
Recall:
tensor([0.8810, 0.9560, 0.0270, 0.0000, 0.0170, 0.7790, 0.5890, 0.6210, 0.7950,
        0.8480], device='cuda:0')
Precision:
tensor([0.4101, 0.6751, 0.4355, 0.0000, 0.5000, 0.3231, 0.5557, 0.5635, 0.9625,
        0.9031], device='cuda:0')

| Epoch:62   Accuracy:54.86
Recall:
tensor([0.8720, 0.9520, 0.0180, 0.0000, 0.0200, 0.7620, 0.5680, 0.6360, 0.7970,
        0.8610], device='cuda:0')
Precision:
tensor([0.4330, 0.6166, 0.3913,    nan, 0.6061, 0.3223, 0.5348, 0.5579, 0.9649,
        0.8867], device='cuda:0')

| Epoch:63   Accuracy:55.09
Recall:
tensor([0.8640, 0.9660, 0.0210, 0.0000, 0.0340, 0.6950, 0.6110, 0.6360, 0.8310,
        0.8510], device='cuda:0')
Precision:
tensor([0.4132, 0.5696, 0.4286,    nan, 0.6415, 0.3392, 0.5909, 0.5390, 0.9497,
        0.8746], device='cuda:0')

| Epoch:64   Accuracy:54.29
Recall:
tensor([0.8920, 0.9480, 0.0220, 0.0000, 0.0150, 0.7360, 0.5520, 0.6390, 0.7860,
        0.8390], device='cuda:0')
Precision:
tensor([0.3794, 0.6245, 0.5946,    nan, 0.7143, 0.3117, 0.6587, 0.5434, 0.9788,
        0.9374], device='cuda:0')

| Epoch:65   Accuracy:54.94
Recall:
tensor([0.9050, 0.9450, 0.0230, 0.0000, 0.0100, 0.7630, 0.5530, 0.6030, 0.8570,
        0.8350], device='cuda:0')
Precision:
tensor([0.3823, 0.6964, 0.4510,    nan, 0.9091, 0.3061, 0.6607, 0.5573, 0.9449,
        0.9330], device='cuda:0')

| Epoch:66   Accuracy:56.19
Recall:
tensor([0.8720, 0.9190, 0.0280, 0.0000, 0.0130, 0.7720, 0.5930, 0.6290, 0.8800,
        0.9130], device='cuda:0')
Precision:
tensor([0.4148, 0.7821, 0.4179,    nan, 0.8667, 0.3063, 0.5900, 0.5755, 0.9234,
        0.8533], device='cuda:0')

| Epoch:67   Accuracy:55.16
Recall:
tensor([0.8970, 0.9470, 0.0170, 0.0000, 0.0030, 0.7800, 0.5680, 0.5700, 0.8860,
        0.8480], device='cuda:0')
Precision:
tensor([0.3799, 0.8440, 0.7083,    nan, 0.3750, 0.2971, 0.5663, 0.5781, 0.9336,
        0.9197], device='cuda:0')

| Epoch:68   Accuracy:56.01
Recall:
tensor([0.8450, 0.9510, 0.0350, 0.0000, 0.0020, 0.7590, 0.6250, 0.6110, 0.8690,
        0.9040], device='cuda:0')
Precision:
tensor([0.4018, 0.8284, 0.5469,    nan, 1.0000, 0.3088, 0.5315, 0.5519, 0.9477,
        0.8820], device='cuda:0')

| Epoch:69   Accuracy:55.91
Recall:
tensor([0.8990, 0.9400, 0.0340, 0.0000, 0.0040, 0.7820, 0.6450, 0.5640, 0.8210,
        0.9020], device='cuda:0')
Precision:
tensor([0.3988, 0.8910, 0.4928,    nan, 0.8000, 0.3097, 0.4969, 0.6039, 0.9797,
        0.8826], device='cuda:0')

| Epoch:70   Accuracy:56.49
Recall:
tensor([0.8570, 0.9280, 0.0410, 0.0000, 0.0120, 0.7740, 0.6250, 0.6080, 0.8770,
        0.9270], device='cuda:0')
Precision:
tensor([0.4128, 0.8923, 0.5395,    nan, 0.5714, 0.3080, 0.5274, 0.5578, 0.9410,
        0.8688], device='cuda:0')

| Epoch:71   Accuracy:56.42
Recall:
tensor([0.8990, 0.9110, 0.0310, 0.0010, 0.0420, 0.7260, 0.6400, 0.5930, 0.8480,
        0.9510], device='cuda:0')
Precision:
tensor([0.3960, 0.9230, 0.4769, 1.0000, 0.6462, 0.3202, 0.5649, 0.5055, 0.9593,
        0.8234], device='cuda:0')

| Epoch:72   Accuracy:57.40
Recall:
tensor([0.8870, 0.9210, 0.0550, 0.0000, 0.0210, 0.7720, 0.6480, 0.6550, 0.8510,
        0.9300], device='cuda:0')
Precision:
tensor([0.4350, 0.9360, 0.5288,    nan, 0.6774, 0.3197, 0.5131, 0.5427, 0.9477,
        0.8782], device='cuda:0')

| Epoch:73   Accuracy:57.80
Recall:
tensor([0.9020, 0.9320, 0.0520, 0.0000, 0.0510, 0.7690, 0.6070, 0.6630, 0.8790,
        0.9250], device='cuda:0')
Precision:
tensor([0.4314, 0.9386, 0.5000,    nan, 0.6220, 0.3191, 0.5770, 0.5200, 0.9175,
        0.8937], device='cuda:0')

| Epoch:74   Accuracy:56.96
Recall:
tensor([0.9410, 0.9300, 0.0390, 0.0000, 0.0210, 0.7400, 0.6450, 0.6390, 0.8300,
        0.9110], device='cuda:0')
Precision:
tensor([0.3797, 0.9451, 0.4699,    nan, 0.7000, 0.3364, 0.5278, 0.5576, 0.9685,
        0.9110], device='cuda:0')

| Epoch:75   Accuracy:57.11
Recall:
tensor([0.9210, 0.9300, 0.0310, 0.0000, 0.0060, 0.7610, 0.6560, 0.6380, 0.8370,
        0.9310], device='cuda:0')
Precision:
tensor([0.4084, 0.9226, 0.6200,    nan, 0.4615, 0.3195, 0.5223, 0.5666, 0.9733,
        0.8867], device='cuda:0')

| Epoch:76   Accuracy:57.64
Recall:
tensor([0.8580, 0.9480, 0.0370, 0.0000, 0.0070, 0.8050, 0.6200, 0.6910, 0.8840,
        0.9140], device='cuda:0')
Precision:
tensor([0.4767, 0.9177, 0.5781,    nan, 0.8750, 0.2933, 0.5116, 0.5778, 0.9354,
        0.9168], device='cuda:0')

| Epoch:77   Accuracy:57.54
Recall:
tensor([0.8480, 0.9060, 0.0310, 0.0000, 0.0180, 0.8390, 0.6010, 0.6920, 0.8680,
        0.9510], device='cuda:0')
Precision:
tensor([0.5078, 0.9487, 0.4366,    nan, 0.6207, 0.2883, 0.5670, 0.5377, 0.9677,
        0.8483], device='cuda:0')

| Epoch:78   Accuracy:56.55
Recall:
tensor([0.8860, 0.9550, 0.0220, 0.0000, 0.0170, 0.8050, 0.6200, 0.6870, 0.7560,
        0.9070], device='cuda:0')
Precision:
tensor([0.4457, 0.9200, 0.4231,    nan, 0.8500, 0.2915, 0.5472, 0.5448, 0.9882,
        0.9246], device='cuda:0')

| Epoch:79   Accuracy:57.09
Recall:
tensor([0.8950, 0.9370, 0.0200, 0.0000, 0.0210, 0.7970, 0.6320, 0.6950, 0.7930,
        0.9190], device='cuda:0')
Precision:
tensor([0.4429, 0.9370, 0.5405,    nan, 0.7778, 0.2996, 0.5524, 0.5404, 0.9742,
        0.9090], device='cuda:0')

| Epoch:80   Accuracy:58.12
Recall:
tensor([0.8750, 0.9360, 0.0150, 0.0000, 0.0140, 0.7800, 0.6680, 0.7150, 0.8750,
        0.9340], device='cuda:0')
Precision:
tensor([0.4543, 0.9435, 0.4167,    nan, 0.7368, 0.3108, 0.5744, 0.5185, 0.9490,
        0.8870], device='cuda:0')

| Epoch:81   Accuracy:57.28
Recall:
tensor([0.9100, 0.9610, 0.0300, 0.0000, 0.0230, 0.7790, 0.6120, 0.6950, 0.8160,
        0.9020], device='cuda:0')
Precision:
tensor([0.4240, 0.9057, 0.6383,    nan, 0.7667, 0.3055, 0.6077, 0.5148, 0.9761,
        0.9270], device='cuda:0')

| Epoch:82   Accuracy:58.34
Recall:
tensor([0.8920, 0.9530, 0.0340, 0.0000, 0.0200, 0.7900, 0.6390, 0.7170, 0.8580,
        0.9310], device='cuda:0')
Precision:
tensor([0.4636, 0.9371, 0.5667,    nan, 0.7692, 0.3062, 0.6371, 0.4832, 0.9640,
        0.9163], device='cuda:0')

| Epoch:83   Accuracy:58.41
Recall:
tensor([0.8780, 0.9190, 0.0400, 0.0000, 0.0090, 0.7540, 0.6780, 0.7230, 0.8760,
        0.9640], device='cuda:0')
Precision:
tensor([0.4604, 0.9664, 0.5797,    nan, 0.6923, 0.3233, 0.6075, 0.4704, 0.9542,
        0.8332], device='cuda:0')

| Epoch:84   Accuracy:58.25
Recall:
tensor([0.8900, 0.9110, 0.0410, 0.0000, 0.0170, 0.7620, 0.6800, 0.7520, 0.8170,
        0.9550], device='cuda:0')
Precision:
tensor([0.4716, 0.9691, 0.5541,    nan, 0.4474, 0.3223, 0.6104, 0.4597, 0.9808,
        0.8573], device='cuda:0')

| Epoch:85   Accuracy:58.87
Recall:
tensor([0.8730, 0.9610, 0.0330, 0.0000, 0.0180, 0.8150, 0.6580, 0.7320, 0.8800,
        0.9170], device='cuda:0')
Precision:
tensor([0.4977, 0.9357, 0.5690,    nan, 0.5625, 0.3081, 0.6309, 0.4806, 0.9586,
        0.9170], device='cuda:0')

| Epoch:86   Accuracy:58.49
Recall:
tensor([0.8790, 0.9420, 0.0270, 0.0000, 0.0750, 0.8060, 0.5960, 0.7300, 0.8760,
        0.9180], device='cuda:0')
Precision:
tensor([0.4676, 0.9439, 0.5510,    nan, 0.5102, 0.3002, 0.7233, 0.4796, 0.9481,
        0.9454], device='cuda:0')

| Epoch:87   Accuracy:58.54
Recall:
tensor([0.9120, 0.9610, 0.0630, 0.0000, 0.0670, 0.7840, 0.6680, 0.6840, 0.8360,
        0.8790], device='cuda:0')
Precision:
tensor([0.4290, 0.9152, 0.4406,    nan, 0.6262, 0.3184, 0.6208, 0.5386, 0.9789,
        0.9638], device='cuda:0')

| Epoch:88   Accuracy:58.99
Recall:
tensor([0.9000, 0.9480, 0.0650, 0.0000, 0.0480, 0.7970, 0.6700, 0.7100, 0.8590,
        0.9020], device='cuda:0')
Precision:
tensor([0.4509, 0.9461, 0.5372,    nan, 0.6154, 0.3164, 0.6181, 0.5236, 0.9717,
        0.9396], device='cuda:0')

| Epoch:89   Accuracy:59.49
Recall:
tensor([0.8820, 0.9500, 0.0900, 0.0000, 0.0400, 0.8210, 0.6550, 0.7050, 0.8800,
        0.9260], device='cuda:0')
Precision:
tensor([0.4881, 0.9491, 0.4865,    nan, 0.7273, 0.3132, 0.5853, 0.5448, 0.9607,
        0.9242], device='cuda:0')

| Epoch:90   Accuracy:59.13
Recall:
tensor([0.9070, 0.9520, 0.0580, 0.0000, 0.0330, 0.8180, 0.6620, 0.6900, 0.8910,
        0.9020], device='cuda:0')
Precision:
tensor([0.4644, 0.9473, 0.4715,    nan, 0.8250, 0.3113, 0.5521, 0.5995, 0.9439,
        0.9425], device='cuda:0')

| Epoch:91   Accuracy:59.06
Recall:
tensor([0.9040, 0.9630, 0.0710, 0.0000, 0.0520, 0.8090, 0.6610, 0.6770, 0.8540,
        0.9150], device='cuda:0')
Precision:
tensor([0.4643, 0.9441, 0.4251,    nan, 0.7761, 0.3134, 0.5365, 0.5986, 0.9661,
        0.9423], device='cuda:0')

| Epoch:92   Accuracy:59.65
Recall:
tensor([0.8990, 0.9490, 0.0910, 0.0000, 0.1350, 0.7980, 0.6660, 0.6930, 0.8400,
        0.8940], device='cuda:0')
Precision:
tensor([0.4520, 0.9415, 0.5583,    nan, 0.6338, 0.3201, 0.5616, 0.5923, 0.9848,
        0.9665], device='cuda:0')

| Epoch:93   Accuracy:60.13
Recall:
tensor([0.9140, 0.9530, 0.1120, 0.0000, 0.1610, 0.7690, 0.6470, 0.7110, 0.8400,
        0.9060], device='cuda:0')
Precision:
tensor([0.4430, 0.9483, 0.5359,    nan, 0.6492, 0.3211, 0.6300, 0.5688, 0.9859,
        0.9527], device='cuda:0')

| Epoch:94   Accuracy:59.83
Recall:
tensor([0.9330, 0.9160, 0.0900, 0.0000, 0.1190, 0.8070, 0.6750, 0.6900, 0.8300,
        0.9230], device='cuda:0')
Precision:
tensor([0.4389, 0.9786, 0.5263,    nan, 0.7484, 0.3259, 0.5764, 0.6117, 0.9799,
        0.9361], device='cuda:0')

| Epoch:95   Accuracy:61.57
Recall:
tensor([0.9120, 0.9670, 0.1210, 0.0000, 0.3240, 0.7890, 0.6380, 0.6670, 0.8550,
        0.8840], device='cuda:0')
Precision:
tensor([0.4590, 0.9088, 0.4672,    nan, 0.6736, 0.3213, 0.6544, 0.6765, 0.9794,
        0.9619], device='cuda:0')

| Epoch:96   Accuracy:62.99
Recall:
tensor([0.9380, 0.9690, 0.1390, 0.0000, 0.4580, 0.7590, 0.6670, 0.6590, 0.8330,
        0.8770], device='cuda:0')
Precision:
tensor([0.4333, 0.9246, 0.4947,    nan, 0.6846, 0.3422, 0.6697, 0.7618, 0.9835,
        0.9627], device='cuda:0')

| Epoch:97   Accuracy:63.37
Recall:
tensor([0.9280, 0.9700, 0.1260, 0.0000, 0.4420, 0.7550, 0.6980, 0.6670, 0.8500,
        0.9010], device='cuda:0')
Precision:
tensor([0.4449, 0.9194, 0.5316,    nan, 0.6607, 0.3546, 0.6363, 0.7386, 0.9714,
        0.9494], device='cuda:0')

| Epoch:98   Accuracy:63.56
Recall:
tensor([0.9370, 0.9630, 0.1270, 0.0000, 0.4920, 0.7530, 0.7090, 0.6550, 0.8210,
        0.8990], device='cuda:0')
Precision:
tensor([0.4358, 0.9368, 0.6382,    nan, 0.7311, 0.3434, 0.5948, 0.8323, 0.9809,
        0.9554], device='cuda:0')

| Epoch:99   Accuracy:63.47
Recall:
tensor([0.9380, 0.9470, 0.0760, 0.0000, 0.5790, 0.7820, 0.6230, 0.6480, 0.8360,
        0.9180], device='cuda:0')
Precision:
tensor([0.4227, 0.9644, 0.7037,    nan, 0.6959, 0.3194, 0.7570, 0.8449, 0.9812,
        0.9474], device='cuda:0')

| Epoch:100   Accuracy:60.86
Recall:
tensor([0.9590, 0.9380, 0.0330, 0.0000, 0.4260, 0.8110, 0.5900, 0.6530, 0.7910,
        0.8850], device='cuda:0')
Precision:
tensor([0.4081, 0.9542, 0.6875,    nan, 0.7648, 0.2966, 0.7506, 0.7925, 0.9925,
        0.9609], device='cuda:0')

| Epoch:101   Accuracy:61.64
Recall:
tensor([0.9430, 0.9660, 0.0620, 0.0000, 0.3490, 0.8350, 0.6140, 0.7040, 0.8300,
        0.8610], device='cuda:0')
Precision:
tensor([0.4661, 0.9209, 0.5000,    nan, 0.8005, 0.2978, 0.6985, 0.7303, 0.9869,
        0.9784], device='cuda:0')

| Epoch:102   Accuracy:64.64
Recall:
tensor([0.9360, 0.9510, 0.1200, 0.0000, 0.5000, 0.7880, 0.6820, 0.7030, 0.8560,
        0.9280], device='cuda:0')
Precision:
tensor([0.4675, 0.9529, 0.5195,    nan, 0.7587, 0.3375, 0.6545, 0.8053, 0.9817,
        0.9393], device='cuda:0')

| Epoch:103   Accuracy:64.12
Recall:
tensor([0.9430, 0.9520, 0.1730, 0.0000, 0.5300, 0.7610, 0.6760, 0.6960, 0.8050,
        0.8760], device='cuda:0')
Precision:
tensor([0.4308, 0.9379, 0.5728,    nan, 0.7454, 0.3510, 0.6602, 0.7991, 0.9865,
        0.9690], device='cuda:0')

| Epoch:104   Accuracy:65.61
Recall:
tensor([0.9300, 0.9550, 0.1880, 0.0000, 0.5960, 0.7820, 0.6430, 0.6810, 0.8930,
        0.8930], device='cuda:0')
Precision:
tensor([0.4657, 0.9465, 0.5680, 0.0000, 0.7413, 0.3443, 0.6989, 0.8534, 0.9592,
        0.9571], device='cuda:0')

| Epoch:105   Accuracy:64.50
Recall:
tensor([0.9240, 0.9310, 0.1340, 0.0000, 0.5300, 0.7860, 0.6420, 0.6710, 0.8920,
        0.9400], device='cuda:0')
Precision:
tensor([0.4536, 0.9769, 0.5903,    nan, 0.7910, 0.3311, 0.6407, 0.8548, 0.9439,
        0.9335], device='cuda:0')

| Epoch:106   Accuracy:64.16
Recall:
tensor([0.9220, 0.9480, 0.1930, 0.0000, 0.5610, 0.8090, 0.5630, 0.6390, 0.9010,
        0.8800], device='cuda:0')
Precision:
tensor([0.4489, 0.9576, 0.5610,    nan, 0.7813, 0.3142, 0.7567, 0.8962, 0.9444,
        0.9692], device='cuda:0')

| Epoch:107   Accuracy:66.53
Recall:
tensor([0.9430, 0.9770, 0.2100, 0.0010, 0.5520, 0.7930, 0.6730, 0.7210, 0.8860,
        0.8970], device='cuda:0')
Precision:
tensor([0.4997, 0.9234, 0.5440, 0.1250, 0.8227, 0.3430, 0.7010, 0.8231, 0.9641,
        0.9718], device='cuda:0')

| Epoch:108   Accuracy:68.33
Recall:
tensor([0.9520, 0.9610, 0.2940, 0.0040, 0.6220, 0.7340, 0.7250, 0.7420, 0.8820,
        0.9170], device='cuda:0')
Precision:
tensor([0.4935, 0.9629, 0.5753, 0.5000, 0.7698, 0.3884, 0.6713, 0.8092, 0.9757,
        0.9602], device='cuda:0')

| Epoch:109   Accuracy:68.22
Recall:
tensor([0.9300, 0.9700, 0.3570, 0.0010, 0.5770, 0.7720, 0.6860, 0.7450, 0.8750,
        0.9090], device='cuda:0')
Precision:
tensor([0.5065, 0.9390, 0.5258, 1.0000, 0.8243, 0.3809, 0.7072, 0.8205, 0.9679,
        0.9650], device='cuda:0')

| Epoch:110   Accuracy:67.88
Recall:
tensor([0.9260, 0.9690, 0.3350, 0.0020, 0.5030, 0.7750, 0.7200, 0.7520, 0.8790,
        0.9270], device='cuda:0')
Precision:
tensor([0.5202, 0.9491, 0.5474, 0.2222, 0.8733, 0.3694, 0.6599, 0.8034, 0.9745,
        0.9508], device='cuda:0')

| Epoch:111   Accuracy:67.74
Recall:
tensor([0.9310, 0.9730, 0.2630, 0.0040, 0.5130, 0.7830, 0.7300, 0.7800, 0.8990,
        0.8980], device='cuda:0')
Precision:
tensor([0.5344, 0.9374, 0.6292, 0.3077, 0.8710, 0.3622, 0.6667, 0.7290, 0.9554,
        0.9635], device='cuda:0')

| Epoch:112   Accuracy:68.52
Recall:
tensor([0.8920, 0.9790, 0.2930, 0.0020, 0.6230, 0.8280, 0.7230, 0.7050, 0.8910,
        0.9160], device='cuda:0')
Precision:
tensor([0.5599, 0.9210, 0.5895, 0.4000, 0.8307, 0.3531, 0.6892, 0.8791, 0.9509,
        0.9552], device='cuda:0')

| Epoch:113   Accuracy:69.43
Recall:
tensor([0.8870, 0.9680, 0.3380, 0.0020, 0.6140, 0.7620, 0.7840, 0.7560, 0.8960,
        0.9360], device='cuda:0')
Precision:
tensor([0.5801, 0.9237, 0.5739, 0.6667, 0.8599, 0.3843, 0.6217, 0.8129, 0.9603,
        0.9267], device='cuda:0')

| Epoch:114   Accuracy:69.58
Recall:
tensor([0.8820, 0.9610, 0.3810, 0.0000, 0.6010, 0.7750, 0.7740, 0.7520, 0.9030,
        0.9290], device='cuda:0')
Precision:
tensor([0.6008, 0.9477, 0.5248, 0.0000, 0.8660, 0.3764, 0.6381, 0.8282, 0.9606,
        0.9518], device='cuda:0')

| Epoch:115   Accuracy:69.10
Recall:
tensor([0.9020, 0.9710, 0.3300, 0.0090, 0.6320, 0.7590, 0.7770, 0.7350, 0.9010,
        0.8940], device='cuda:0')
Precision:
tensor([0.5662, 0.9310, 0.5957, 0.5000, 0.8669, 0.3812, 0.5743, 0.8596, 0.9585,
        0.9675], device='cuda:0')

| Epoch:116   Accuracy:71.80
Recall:
tensor([0.9130, 0.9640, 0.3930, 0.0030, 0.7280, 0.7770, 0.7790, 0.7890, 0.9000,
        0.9340], device='cuda:0')
Precision:
tensor([0.6262, 0.9583, 0.5630, 0.5000, 0.8235, 0.3978, 0.7018, 0.8126, 0.9761,
        0.9415], device='cuda:0')

| Epoch:117   Accuracy:71.67
Recall:
tensor([0.9230, 0.9570, 0.4140, 0.0090, 0.6950, 0.7780, 0.7700, 0.7800, 0.9130,
        0.9280], device='cuda:0')
Precision:
tensor([0.6137, 0.9589, 0.5349, 0.7500, 0.8612, 0.3992, 0.7090, 0.8369, 0.9510,
        0.9489], device='cuda:0')

| Epoch:118   Accuracy:70.87
Recall:
tensor([0.8900, 0.9560, 0.4580, 0.0060, 0.6470, 0.7930, 0.7350, 0.7500, 0.9280,
        0.9240], device='cuda:0')
Precision:
tensor([0.6459, 0.9657, 0.4776, 0.3750, 0.8696, 0.3829, 0.7515, 0.8552, 0.9054,
        0.9605], device='cuda:0')

| Epoch:119   Accuracy:70.53
Recall:
tensor([0.9300, 0.9750, 0.4250, 0.0500, 0.5150, 0.7810, 0.7760, 0.7960, 0.8770,
        0.9280], device='cuda:0')
Precision:
tensor([0.6019, 0.9357, 0.5435, 0.5556, 0.9398, 0.4080, 0.6632, 0.7654, 0.9766,
        0.9557], device='cuda:0')

| Epoch:120   Accuracy:71.65
Recall:
tensor([0.8690, 0.9400, 0.4440, 0.0330, 0.6510, 0.8170, 0.7590, 0.7960, 0.8990,
        0.9570], device='cuda:0')
Precision:
tensor([0.7048, 0.9751, 0.5522, 0.6226, 0.8918, 0.3786, 0.7041, 0.7920, 0.9564,
        0.9246], device='cuda:0')

| Epoch:121   Accuracy:71.42
Recall:
tensor([0.8870, 0.9560, 0.5200, 0.0080, 0.6030, 0.8240, 0.7730, 0.7400, 0.8960,
        0.9350], device='cuda:0')
Precision:
tensor([0.7211, 0.9627, 0.5019, 0.3478, 0.9263, 0.3718, 0.6908, 0.8894, 0.9697,
        0.9580], device='cuda:0')

| Epoch:122   Accuracy:71.91
Recall:
tensor([0.8140, 0.9650, 0.5100, 0.0020, 0.6360, 0.8020, 0.8140, 0.7900, 0.9090,
        0.9490], device='cuda:0')
Precision:
tensor([0.7650, 0.9602, 0.5258, 0.3333, 0.9099, 0.3863, 0.6325, 0.8504, 0.9508,
        0.9415], device='cuda:0')

| Epoch:123   Accuracy:71.31
Recall:
tensor([0.8630, 0.9560, 0.4740, 0.0010, 0.5970, 0.8570, 0.7940, 0.7530, 0.9010,
        0.9350], device='cuda:0')
Precision:
tensor([0.8006, 0.9608, 0.5766, 0.2500, 0.8977, 0.3565, 0.6312, 0.8828, 0.9595,
        0.9521], device='cuda:0')

| Epoch:124   Accuracy:71.05
Recall:
tensor([0.9130, 0.9630, 0.4650, 0.0140, 0.6400, 0.8570, 0.7210, 0.7390, 0.8910,
        0.9020], device='cuda:0')
Precision:
tensor([0.7322, 0.9469, 0.5946, 0.5000, 0.9169, 0.3465, 0.6808, 0.8735, 0.9632,
        0.9751], device='cuda:0')

| Epoch:125   Accuracy:71.04
Recall:
tensor([0.9120, 0.9630, 0.4280, 0.0000, 0.6480, 0.8650, 0.7400, 0.7560, 0.8860,
        0.9060], device='cuda:0')
Precision:
tensor([0.7064, 0.9525, 0.5961,    nan, 0.9127, 0.3439, 0.7164, 0.8670, 0.9801,
        0.9577], device='cuda:0')

| Epoch:126   Accuracy:72.76
Recall:
tensor([0.8650, 0.9580, 0.5020, 0.0020, 0.6820, 0.8260, 0.8030, 0.7880, 0.9220,
        0.9280], device='cuda:0')
Precision:
tensor([0.7842, 0.9746, 0.5451, 0.5000, 0.8986, 0.3860, 0.6653, 0.8519, 0.9351,
        0.9547], device='cuda:0')

| Epoch:127   Accuracy:73.41
Recall:
tensor([0.8800, 0.9470, 0.5770, 0.0370, 0.6620, 0.8170, 0.7760, 0.7930, 0.8960,
        0.9560], device='cuda:0')
Precision:
tensor([0.7580, 0.9644, 0.5454, 0.7551, 0.8982, 0.4021, 0.7307, 0.8374, 0.9645,
        0.9166], device='cuda:0')

| Epoch:128   Accuracy:74.68
Recall:
tensor([0.8770, 0.9490, 0.5870, 0.0860, 0.8170, 0.8070, 0.7560, 0.7360, 0.9100,
        0.9430], device='cuda:0')
Precision:
tensor([0.7887, 0.9674, 0.5491, 0.7288, 0.8244, 0.4105, 0.7644, 0.9109, 0.9479,
        0.9374], device='cuda:0')

| Epoch:129   Accuracy:73.96
Recall:
tensor([0.9280, 0.9400, 0.5360, 0.0090, 0.7530, 0.8260, 0.7630, 0.7910, 0.9150,
        0.9350], device='cuda:0')
Precision:
tensor([0.7036, 0.9802, 0.5903, 0.6923, 0.8655, 0.4019, 0.7510, 0.8769, 0.9452,
        0.9444], device='cuda:0')

| Epoch:130   Accuracy:73.58
Recall:
tensor([0.9090, 0.9570, 0.5840, 0.0070, 0.7280, 0.8500, 0.7260, 0.7680, 0.8990,
        0.9300], device='cuda:0')
Precision:
tensor([0.7562, 0.9599, 0.5953, 0.3684, 0.8966, 0.3697, 0.7815, 0.9004, 0.9594,
        0.9578], device='cuda:0')

| Epoch:131   Accuracy:73.57
Recall:
tensor([0.9300, 0.9690, 0.5970, 0.0070, 0.7290, 0.8340, 0.7490, 0.7500, 0.8720,
        0.9200], device='cuda:0')
Precision:
tensor([0.7329, 0.9444, 0.5579, 0.3333, 0.8912, 0.3806, 0.7818, 0.9282, 0.9809,
        0.9684], device='cuda:0')

| Epoch:132   Accuracy:73.67
Recall:
tensor([0.9290, 0.9570, 0.5850, 0.0030, 0.7360, 0.8610, 0.7440, 0.7600, 0.8790,
        0.9130], device='cuda:0')
Precision:
tensor([0.7361, 0.9580, 0.5915, 0.7500, 0.8900, 0.3691, 0.8035, 0.9246, 0.9821,
        0.9682], device='cuda:0')

| Epoch:133   Accuracy:73.73
Recall:
tensor([0.8960, 0.9430, 0.6370, 0.0090, 0.6770, 0.8460, 0.7540, 0.7730, 0.8990,
        0.9390], device='cuda:0')
Precision:
tensor([0.7758, 0.9792, 0.5366, 0.5000, 0.9299, 0.3806, 0.7979, 0.8999, 0.9729,
        0.9409], device='cuda:0')

| Epoch:134   Accuracy:73.82
Recall:
tensor([0.9020, 0.9670, 0.6420, 0.0110, 0.7010, 0.8360, 0.7960, 0.7360, 0.8680,
        0.9230], device='cuda:0')
Precision:
tensor([0.7696, 0.9462, 0.5284, 0.5238, 0.9151, 0.3949, 0.7488, 0.9352, 0.9830,
        0.9675], device='cuda:0')

| Epoch:135   Accuracy:74.75
Recall:
tensor([0.8930, 0.9700, 0.6240, 0.0160, 0.6860, 0.8380, 0.8060, 0.7870, 0.9020,
        0.9530], device='cuda:0')
Precision:
tensor([0.8103, 0.9491, 0.5799, 0.6154, 0.9283, 0.3979, 0.7216, 0.8994, 0.9772,
        0.9398], device='cuda:0')

| Epoch:136   Accuracy:74.05
Recall:
tensor([0.9090, 0.9530, 0.5780, 0.0170, 0.6640, 0.8750, 0.8120, 0.7740, 0.9030,
        0.9200], device='cuda:0')
Precision:
tensor([0.8102, 0.9705, 0.5868, 0.6538, 0.9379, 0.3867, 0.7000, 0.8969, 0.9668,
        0.9613], device='cuda:0')

| Epoch:137   Accuracy:75.12
Recall:
tensor([0.8910, 0.9600, 0.5910, 0.0180, 0.7660, 0.8630, 0.8310, 0.7820, 0.8950,
        0.9150], device='cuda:0')
Precision:
tensor([0.8366, 0.9581, 0.5934, 0.6667, 0.8959, 0.4080, 0.6902, 0.9030, 0.9665,
        0.9693], device='cuda:0')

| Epoch:138   Accuracy:75.44
Recall:
tensor([0.8970, 0.9450, 0.5680, 0.0250, 0.7790, 0.8430, 0.8260, 0.7840, 0.9150,
        0.9620], device='cuda:0')
Precision:
tensor([0.8132, 0.9742, 0.6181, 0.7576, 0.8665, 0.4116, 0.7072, 0.9106, 0.9581,
        0.9215], device='cuda:0')

| Epoch:139   Accuracy:75.24
Recall:
tensor([0.8750, 0.9490, 0.6000, 0.0270, 0.7440, 0.8240, 0.8460, 0.7840, 0.9280,
        0.9470], device='cuda:0')
Precision:
tensor([0.8224, 0.9784, 0.5935, 0.9000, 0.8921, 0.4281, 0.6656, 0.9085, 0.9125,
        0.9330], device='cuda:0')

| Epoch:140   Accuracy:76.36
Recall:
tensor([0.8720, 0.9420, 0.6240, 0.1600, 0.7510, 0.8230, 0.8450, 0.7670, 0.9000,
        0.9520], device='cuda:0')
Precision:
tensor([0.8401, 0.9721, 0.5699, 0.6809, 0.9037, 0.4544, 0.6909, 0.9286, 0.9615,
        0.9189], device='cuda:0')

| Epoch:141   Accuracy:75.63
Recall:
tensor([0.8790, 0.9410, 0.6710, 0.0990, 0.7210, 0.8410, 0.8430, 0.7610, 0.8750,
        0.9320], device='cuda:0')
Precision:
tensor([0.8300, 0.9792, 0.5532, 0.7557, 0.9150, 0.4293, 0.7096, 0.9235, 0.9701,
        0.9559], device='cuda:0')

| Epoch:142   Accuracy:75.19
Recall:
tensor([0.8850, 0.9490, 0.6600, 0.1100, 0.6620, 0.8410, 0.8240, 0.7420, 0.8950,
        0.9510], device='cuda:0')
Precision:
tensor([0.8584, 0.9654, 0.5361, 0.7483, 0.9364, 0.4306, 0.6743, 0.9404, 0.9676,
        0.9397], device='cuda:0')

| Epoch:143   Accuracy:77.53
Recall:
tensor([0.9420, 0.9690, 0.6350, 0.2170, 0.7650, 0.7830, 0.8470, 0.7840, 0.8800,
        0.9310], device='cuda:0')
Precision:
tensor([0.7665, 0.9585, 0.5721, 0.7949, 0.8979, 0.5026, 0.6914, 0.9032, 0.9778,
        0.9559], device='cuda:0')

| Epoch:144   Accuracy:78.50
Recall:
tensor([0.9060, 0.9760, 0.6520, 0.3220, 0.7390, 0.8070, 0.8340, 0.8110, 0.8820,
        0.9210], device='cuda:0')
Precision:
tensor([0.8266, 0.9503, 0.6111, 0.7402, 0.8925, 0.5006, 0.7196, 0.8749, 0.9833,
        0.9674], device='cuda:0')

| Epoch:145   Accuracy:79.29
Recall:
tensor([0.9500, 0.9610, 0.6730, 0.4020, 0.7100, 0.7600, 0.8280, 0.8240, 0.8860,
        0.9350], device='cuda:0')
Precision:
tensor([0.7540, 0.9639, 0.6118, 0.6895, 0.9185, 0.5815, 0.7353, 0.8619, 0.9672,
        0.9521], device='cuda:0')

| Epoch:146   Accuracy:80.68
Recall:
tensor([0.9140, 0.9610, 0.5880, 0.5090, 0.8010, 0.7920, 0.8330, 0.8110, 0.9050,
        0.9540], device='cuda:0')
Precision:
tensor([0.8018, 0.9658, 0.6893, 0.6888, 0.8783, 0.5657, 0.7706, 0.8893, 0.9669,
        0.9244], device='cuda:0')

| Epoch:147   Accuracy:80.37
Recall:
tensor([0.9270, 0.9750, 0.5800, 0.4860, 0.7960, 0.8080, 0.8250, 0.7970, 0.9120,
        0.9310], device='cuda:0')
Precision:
tensor([0.7964, 0.9475, 0.7398, 0.6694, 0.9045, 0.5072, 0.8049, 0.9098, 0.9530,
        0.9638], device='cuda:0')

| Epoch:148   Accuracy:79.47
Recall:
tensor([0.9230, 0.9730, 0.6600, 0.3840, 0.7700, 0.8190, 0.8530, 0.7710, 0.8840,
        0.9100], device='cuda:0')
Precision:
tensor([0.8278, 0.9474, 0.6292, 0.7300, 0.9244, 0.5043, 0.7398, 0.9179, 0.9844,
        0.9733], device='cuda:0')

| Epoch:149   Accuracy:79.42
Recall:
tensor([0.9470, 0.9710, 0.7220, 0.3790, 0.7660, 0.7760, 0.8330, 0.7830, 0.8410,
        0.9240], device='cuda:0')
Precision:
tensor([0.7781, 0.9510, 0.5593, 0.7595, 0.9185, 0.5563, 0.7918, 0.8928, 0.9871,
        0.9605], device='cuda:0')

| Epoch:150   Accuracy:80.53
Recall:
tensor([0.9450, 0.9640, 0.6900, 0.4540, 0.7610, 0.7870, 0.8450, 0.7850, 0.8860,
        0.9360], device='cuda:0')
Precision:
tensor([0.8022, 0.9640, 0.6239, 0.7358, 0.9315, 0.5534, 0.7572, 0.9044, 0.9812,
        0.9620], device='cuda:0')

| Epoch:151   Accuracy:81.61
Recall:
tensor([0.9250, 0.9640, 0.6950, 0.5530, 0.7640, 0.7700, 0.8630, 0.7820, 0.8980,
        0.9470], device='cuda:0')
Precision:
tensor([0.8417, 0.9718, 0.6411, 0.7072, 0.9317, 0.5882, 0.7382, 0.9233, 0.9814,
        0.9634], device='cuda:0')

| Epoch:152   Accuracy:81.07
Recall:
tensor([0.9040, 0.9670, 0.7180, 0.5440, 0.7250, 0.7990, 0.8260, 0.7780, 0.8950,
        0.9510], device='cuda:0')
Precision:
tensor([0.8528, 0.9719, 0.6085, 0.6877, 0.9465, 0.5587, 0.8043, 0.9142, 0.9771,
        0.9665], device='cuda:0')

| Epoch:153   Accuracy:81.85
Recall:
tensor([0.9270, 0.9720, 0.7400, 0.5610, 0.7300, 0.7860, 0.8300, 0.7860, 0.8970,
        0.9560], device='cuda:0')
Precision:
tensor([0.8435, 0.9662, 0.6172, 0.7057, 0.9468, 0.5879, 0.8169, 0.9034, 0.9814,
        0.9627], device='cuda:0')

| Epoch:154   Accuracy:82.29
Recall:
tensor([0.9380, 0.9700, 0.7160, 0.5600, 0.7660, 0.7950, 0.8420, 0.7920, 0.8960,
        0.9540], device='cuda:0')
Precision:
tensor([0.8250, 0.9700, 0.6545, 0.7273, 0.9433, 0.5757, 0.8096, 0.9188, 0.9825,
        0.9617], device='cuda:0')

| Epoch:155   Accuracy:82.25
Recall:
tensor([0.9390, 0.9720, 0.7290, 0.5820, 0.7660, 0.7940, 0.8380, 0.7790, 0.8870,
        0.9390], device='cuda:0')
Precision:
tensor([0.8123, 0.9643, 0.6423, 0.7194, 0.9376, 0.5943, 0.8065, 0.9329, 0.9889,
        0.9700], device='cuda:0')

| Epoch:156   Accuracy:82.53
Recall:
tensor([0.9290, 0.9700, 0.7540, 0.5760, 0.7690, 0.8050, 0.8260, 0.7840, 0.8950,
        0.9450], device='cuda:0')
Precision:
tensor([0.8484, 0.9690, 0.6363, 0.7173, 0.9344, 0.5821, 0.8480, 0.9213, 0.9857,
        0.9672], device='cuda:0')

| Epoch:157   Accuracy:82.73
Recall:
tensor([0.9370, 0.9720, 0.7490, 0.5680, 0.7930, 0.7840, 0.8370, 0.8030, 0.8910,
        0.9390], device='cuda:0')
Precision:
tensor([0.8292, 0.9643, 0.6236, 0.7377, 0.9286, 0.6096, 0.8328, 0.9084, 0.9933,
        0.9731], device='cuda:0')

| Epoch:158   Accuracy:82.49
Recall:
tensor([0.9390, 0.9690, 0.7110, 0.5540, 0.7990, 0.8220, 0.8190, 0.7950, 0.8920,
        0.9490], device='cuda:0')
Precision:
tensor([0.8259, 0.9700, 0.6608, 0.7309, 0.9258, 0.5681, 0.8496, 0.9191, 0.9824,
        0.9654], device='cuda:0')

| Epoch:159   Accuracy:83.06
Recall:
tensor([0.9510, 0.9750, 0.7130, 0.6210, 0.7790, 0.8030, 0.8240, 0.7970, 0.9050,
        0.9380], device='cuda:0')
Precision:
tensor([0.8114, 0.9692, 0.6830, 0.7204, 0.9374, 0.5966, 0.8477, 0.9150, 0.9752,
        0.9690], device='cuda:0')

| Epoch:160   Accuracy:82.37
Recall:
tensor([0.9450, 0.9750, 0.7010, 0.5930, 0.7650, 0.8190, 0.8260, 0.7720, 0.8930,
        0.9480], device='cuda:0')
Precision:
tensor([0.8133, 0.9625, 0.6786, 0.6936, 0.9398, 0.5711, 0.8343, 0.9519, 0.9846,
        0.9664], device='cuda:0')

| Epoch:161   Accuracy:82.67
Recall:
tensor([0.9500, 0.9720, 0.7210, 0.5570, 0.7700, 0.8190, 0.8280, 0.7940, 0.9000,
        0.9560], device='cuda:0')
Precision:
tensor([0.8141, 0.9681, 0.6603, 0.7487, 0.9402, 0.5772, 0.8440, 0.9222, 0.9772,
        0.9637], device='cuda:0')

| Epoch:162   Accuracy:83.01
Recall:
tensor([0.9410, 0.9750, 0.6920, 0.5810, 0.7860, 0.8230, 0.8380, 0.8110, 0.9020,
        0.9520], device='cuda:0')
Precision:
tensor([0.8432, 0.9634, 0.6976, 0.7439, 0.9357, 0.5688, 0.8330, 0.9011, 0.9826,
        0.9636], device='cuda:0')

| Epoch:163   Accuracy:83.25
Recall:
tensor([0.9360, 0.9730, 0.7190, 0.5790, 0.7920, 0.8190, 0.8480, 0.8050, 0.9020,
        0.9520], device='cuda:0')
Precision:
tensor([0.8291, 0.9662, 0.6770, 0.7689, 0.9318, 0.5884, 0.8330, 0.9106, 0.9804,
        0.9665], device='cuda:0')

| Epoch:164   Accuracy:83.53
Recall:
tensor([0.9230, 0.9760, 0.7170, 0.6230, 0.8050, 0.8110, 0.8440, 0.8030, 0.9030,
        0.9480], device='cuda:0')
Precision:
tensor([0.8499, 0.9635, 0.6842, 0.7312, 0.9211, 0.5994, 0.8398, 0.9177, 0.9837,
        0.9713], device='cuda:0')

| Epoch:165   Accuracy:82.94
Recall:
tensor([0.9430, 0.9720, 0.7020, 0.6060, 0.7750, 0.8240, 0.8330, 0.7990, 0.8960,
        0.9440], device='cuda:0')
Precision:
tensor([0.8236, 0.9652, 0.6849, 0.7180, 0.9349, 0.5811, 0.8457, 0.9216, 0.9890,
        0.9692], device='cuda:0')

| Epoch:166   Accuracy:83.42
Recall:
tensor([0.9420, 0.9720, 0.7090, 0.5940, 0.8040, 0.8300, 0.8360, 0.8080, 0.8990,
        0.9480], device='cuda:0')
Precision:
tensor([0.8351, 0.9652, 0.6811, 0.7379, 0.9295, 0.5899, 0.8513, 0.9234, 0.9879,
        0.9673], device='cuda:0')

| Epoch:167   Accuracy:83.53
Recall:
tensor([0.9330, 0.9750, 0.7140, 0.6570, 0.7760, 0.8100, 0.8300, 0.8080, 0.9000,
        0.9500], device='cuda:0')
Precision:
tensor([0.8466, 0.9615, 0.6774, 0.7087, 0.9463, 0.6132, 0.8426, 0.9140, 0.9890,
        0.9664], device='cuda:0')

| Epoch:168   Accuracy:84.04
Recall:
tensor([0.9390, 0.9770, 0.6830, 0.6900, 0.8090, 0.7770, 0.8580, 0.8070, 0.9090,
        0.9550], device='cuda:0')
Precision:
tensor([0.8362, 0.9616, 0.7266, 0.7041, 0.9246, 0.6486, 0.8004, 0.9244, 0.9722,
        0.9666], device='cuda:0')

| Epoch:169   Accuracy:83.85
Recall:
tensor([0.9300, 0.9790, 0.7420, 0.6870, 0.7780, 0.7700, 0.8380, 0.8080, 0.8970,
        0.9560], device='cuda:0')
Precision:
tensor([0.8470, 0.9617, 0.6649, 0.7216, 0.9453, 0.6548, 0.8297, 0.9038, 0.9793,
        0.9589], device='cuda:0')

| Epoch:170   Accuracy:83.51
Recall:
tensor([0.9290, 0.9750, 0.7220, 0.6710, 0.7370, 0.7960, 0.8580, 0.8100, 0.8980,
        0.9550], device='cuda:0')
Precision:
tensor([0.8554, 0.9663, 0.6857, 0.7123, 0.9497, 0.6243, 0.8079, 0.9020, 0.9868,
        0.9656], device='cuda:0')

| Epoch:171   Accuracy:83.70
Recall:
tensor([0.9320, 0.9810, 0.7390, 0.6790, 0.7530, 0.7980, 0.8310, 0.8130, 0.9000,
        0.9440], device='cuda:0')
Precision:
tensor([0.8450, 0.9571, 0.6724, 0.7170, 0.9544, 0.6293, 0.8558, 0.8964, 0.9751,
        0.9752], device='cuda:0')

| Epoch:172   Accuracy:83.70
Recall:
tensor([0.9310, 0.9700, 0.7310, 0.7130, 0.7620, 0.7910, 0.8240, 0.8000, 0.8990,
        0.9490], device='cuda:0')
Precision:
tensor([0.8456, 0.9690, 0.6851, 0.6882, 0.9549, 0.6214, 0.8637, 0.9174, 0.9814,
        0.9664], device='cuda:0')

| Epoch:173   Accuracy:84.02
Recall:
tensor([0.9310, 0.9740, 0.7260, 0.7050, 0.7930, 0.7850, 0.8350, 0.7960, 0.9070,
        0.9500], device='cuda:0')
Precision:
tensor([0.8533, 0.9672, 0.6914, 0.7078, 0.9407, 0.6201, 0.8529, 0.9213, 0.9827,
        0.9684], device='cuda:0')

| Epoch:174   Accuracy:84.18
Recall:
tensor([0.9380, 0.9780, 0.7050, 0.7220, 0.7910, 0.7990, 0.8370, 0.7960, 0.9050,
        0.9470], device='cuda:0')
Precision:
tensor([0.8512, 0.9626, 0.7268, 0.6883, 0.9439, 0.6228, 0.8489, 0.9321, 0.9794,
        0.9683], device='cuda:0')

| Epoch:175   Accuracy:84.15
Recall:
tensor([0.9410, 0.9720, 0.7270, 0.6920, 0.8120, 0.8080, 0.8230, 0.7890, 0.8960,
        0.9550], device='cuda:0')
Precision:
tensor([0.8409, 0.9691, 0.7107, 0.7090, 0.9355, 0.6071, 0.8663, 0.9415, 0.9901,
        0.9676], device='cuda:0')

| Epoch:176   Accuracy:84.11
Recall:
tensor([0.9390, 0.9760, 0.7100, 0.7230, 0.7990, 0.7820, 0.8300, 0.7970, 0.9020,
        0.9530], device='cuda:0')
Precision:
tensor([0.8376, 0.9663, 0.7150, 0.6814, 0.9389, 0.6353, 0.8478, 0.9354, 0.9804,
        0.9705], device='cuda:0')

| Epoch:177   Accuracy:83.89
Recall:
tensor([0.9240, 0.9780, 0.7350, 0.6790, 0.7860, 0.7930, 0.8340, 0.8130, 0.8990,
        0.9480], device='cuda:0')
Precision:
tensor([0.8563, 0.9560, 0.6954, 0.7073, 0.9379, 0.6186, 0.8484, 0.9114, 0.9879,
        0.9713], device='cuda:0')

| Epoch:178   Accuracy:83.99
Recall:
tensor([0.9240, 0.9760, 0.7570, 0.6980, 0.7780, 0.7770, 0.8220, 0.8210, 0.8980,
        0.9480], device='cuda:0')
Precision:
tensor([0.8508, 0.9587, 0.6723, 0.6973, 0.9419, 0.6513, 0.8662, 0.9032, 0.9836,
        0.9683], device='cuda:0')

| Epoch:179   Accuracy:84.32
Recall:
tensor([0.9350, 0.9710, 0.7830, 0.7320, 0.7870, 0.7200, 0.8330, 0.8210, 0.8950,
        0.9550], device='cuda:0')
Precision:
tensor([0.8311, 0.9700, 0.6466, 0.6998, 0.9448, 0.7136, 0.8544, 0.9062, 0.9890,
        0.9656], device='cuda:0')

| Epoch:180   Accuracy:84.24
Recall:
tensor([0.9360, 0.9680, 0.7750, 0.6790, 0.7700, 0.7600, 0.8620, 0.8160, 0.9020,
        0.9560], device='cuda:0')
Precision:
tensor([0.8440, 0.9778, 0.6596, 0.7388, 0.9483, 0.6756, 0.8102, 0.9128, 0.9794,
        0.9647], device='cuda:0')

| Epoch:181   Accuracy:84.43
Recall:
tensor([0.9420, 0.9730, 0.7370, 0.7170, 0.7850, 0.7480, 0.8650, 0.8210, 0.8940,
        0.9610], device='cuda:0')
Precision:
tensor([0.8358, 0.9672, 0.6927, 0.7134, 0.9345, 0.6894, 0.8092, 0.9092, 0.9868,
        0.9658], device='cuda:0')

| Epoch:182   Accuracy:84.42
Recall:
tensor([0.9290, 0.9790, 0.7420, 0.7910, 0.7910, 0.7080, 0.8310, 0.8170, 0.9010,
        0.9530], device='cuda:0')
Precision:
tensor([0.8500, 0.9674, 0.7232, 0.6338, 0.9361, 0.6948, 0.8541, 0.9108, 0.9923,
        0.9734], device='cuda:0')

| Epoch:183   Accuracy:83.77
Recall:
tensor([0.9190, 0.9760, 0.7180, 0.7310, 0.7770, 0.7740, 0.8390, 0.8030, 0.8940,
        0.9460], device='cuda:0')
Precision:
tensor([0.8670, 0.9692, 0.6957, 0.6486, 0.9464, 0.6324, 0.8449, 0.9283, 0.9922,
        0.9753], device='cuda:0')

| Epoch:184   Accuracy:84.36
Recall:
tensor([0.9430, 0.9770, 0.7290, 0.6720, 0.7890, 0.8000, 0.8630, 0.7970, 0.9120,
        0.9540], device='cuda:0')
Precision:
tensor([0.8488, 0.9645, 0.7290, 0.7249, 0.9393, 0.6250, 0.8126, 0.9365, 0.9806,
        0.9675], device='cuda:0')

| Epoch:185   Accuracy:84.59
Recall:
tensor([0.9270, 0.9780, 0.7350, 0.6840, 0.7950, 0.8110, 0.8500, 0.8090, 0.9050,
        0.9650], device='cuda:0')
Precision:
tensor([0.8599, 0.9674, 0.7249, 0.7223, 0.9386, 0.6311, 0.8358, 0.9278, 0.9805,
        0.9592], device='cuda:0')

| Epoch:186   Accuracy:84.22
Recall:
tensor([0.9440, 0.9800, 0.7360, 0.6710, 0.7790, 0.8160, 0.8340, 0.8080, 0.9020,
        0.9520], device='cuda:0')
Precision:
tensor([0.8288, 0.9636, 0.7084, 0.7390, 0.9465, 0.6163, 0.8580, 0.9182, 0.9826,
        0.9714], device='cuda:0')

| Epoch:187   Accuracy:84.10
Recall:
tensor([0.9430, 0.9760, 0.7180, 0.6700, 0.7700, 0.8150, 0.8420, 0.8160, 0.9030,
        0.9570], device='cuda:0')
Precision:
tensor([0.8243, 0.9635, 0.7334, 0.7346, 0.9471, 0.6146, 0.8454, 0.9017, 0.9794,
        0.9667], device='cuda:0')

| Epoch:188   Accuracy:85.02
Recall:
tensor([0.9470, 0.9780, 0.7510, 0.6870, 0.8100, 0.7870, 0.8630, 0.8250, 0.9030,
        0.9510], device='cuda:0')
Precision:
tensor([0.8395, 0.9645, 0.7284, 0.7387, 0.9364, 0.6625, 0.8274, 0.9086, 0.9869,
        0.9724], device='cuda:0')

| Epoch:189   Accuracy:84.54
Recall:
tensor([0.9320, 0.9750, 0.7220, 0.6430, 0.8050, 0.8130, 0.8580, 0.8310, 0.9140,
        0.9610], device='cuda:0')
Precision:
tensor([0.8527, 0.9682, 0.7315, 0.7538, 0.9232, 0.6263, 0.8379, 0.8955, 0.9786,
        0.9572], device='cuda:0')

| Epoch:190   Accuracy:84.81
Recall:
tensor([0.9380, 0.9770, 0.7460, 0.6540, 0.8020, 0.8170, 0.8520, 0.8210, 0.9100,
        0.9640], device='cuda:0')
Precision:
tensor([0.8535, 0.9721, 0.7236, 0.7552, 0.9446, 0.6166, 0.8511, 0.9143, 0.9827,
        0.9640], device='cuda:0')

| Epoch:191   Accuracy:84.68
Recall:
tensor([0.9230, 0.9800, 0.7690, 0.6680, 0.7780, 0.8080, 0.8590, 0.8180, 0.9100,
        0.9550], device='cuda:0')
Precision:
tensor([0.8586, 0.9636, 0.7214, 0.7439, 0.9453, 0.6347, 0.8340, 0.9059, 0.9806,
        0.9676], device='cuda:0')

| Epoch:192   Accuracy:84.95
Recall:
tensor([0.9430, 0.9750, 0.7710, 0.6990, 0.7730, 0.7950, 0.8550, 0.8210, 0.9040,
        0.9590], device='cuda:0')
Precision:
tensor([0.8420, 0.9711, 0.7159, 0.7468, 0.9461, 0.6614, 0.8399, 0.8982, 0.9858,
        0.9638], device='cuda:0')

| Epoch:193   Accuracy:85.06
Recall:
tensor([0.9230, 0.9750, 0.7550, 0.7380, 0.7970, 0.7690, 0.8590, 0.8140, 0.9110,
        0.9650], device='cuda:0')
Precision:
tensor([0.8538, 0.9692, 0.7239, 0.7103, 0.9365, 0.6805, 0.8348, 0.9240, 0.9764,
        0.9583], device='cuda:0')

| Epoch:194   Accuracy:85.21
Recall:
tensor([0.9290, 0.9780, 0.7590, 0.7310, 0.7990, 0.7830, 0.8530, 0.8260, 0.9150,
        0.9480], device='cuda:0')
Precision:
tensor([0.8515, 0.9617, 0.7369, 0.7303, 0.9422, 0.6721, 0.8363, 0.9127, 0.9703,
        0.9673], device='cuda:0')

| Epoch:195   Accuracy:85.02
Recall:
tensor([0.9360, 0.9730, 0.7220, 0.7530, 0.7950, 0.7910, 0.8360, 0.8260, 0.9170,
        0.9530], device='cuda:0')
Precision:
tensor([0.8463, 0.9711, 0.7544, 0.6953, 0.9464, 0.6570, 0.8522, 0.9178, 0.9704,
        0.9705], device='cuda:0')

| Epoch:196   Accuracy:85.00
Recall:
tensor([0.9430, 0.9810, 0.7440, 0.7580, 0.7740, 0.7700, 0.8450, 0.8210, 0.9080,
        0.9560], device='cuda:0')
Precision:
tensor([0.8480, 0.9571, 0.7462, 0.6954, 0.9509, 0.6802, 0.8416, 0.8992, 0.9859,
        0.9637], device='cuda:0')

| Epoch:197   Accuracy:85.10
Recall:
tensor([0.9370, 0.9810, 0.7650, 0.7230, 0.8010, 0.7970, 0.8400, 0.8130, 0.9020,
        0.9510], device='cuda:0')
Precision:
tensor([0.8628, 0.9637, 0.7258, 0.7180, 0.9424, 0.6474, 0.8563, 0.9270, 0.9858,
        0.9694], device='cuda:0')

| Epoch:198   Accuracy:85.14
Recall:
tensor([0.9360, 0.9850, 0.7710, 0.7170, 0.8000, 0.7860, 0.8500, 0.8170, 0.9050,
        0.9470], device='cuda:0')
Precision:
tensor([0.8635, 0.9508, 0.7206, 0.7199, 0.9335, 0.6695, 0.8441, 0.9253, 0.9869,
        0.9703], device='cuda:0')

| Epoch:199   Accuracy:85.10
Recall:
tensor([0.9400, 0.9790, 0.7650, 0.6430, 0.8220, 0.8050, 0.8730, 0.8320, 0.9100,
        0.9410], device='cuda:0')
Precision:
tensor([0.8476, 0.9664, 0.7244, 0.7909, 0.9215, 0.6481, 0.8189, 0.9123, 0.9743,
        0.9772], device='cuda:0')

| Epoch:200   Accuracy:85.30
Recall:
tensor([0.9390, 0.9770, 0.7470, 0.6820, 0.8160, 0.8070, 0.8760, 0.8320, 0.9030,
        0.9510], device='cuda:0')
Precision:
tensor([0.8505, 0.9645, 0.7448, 0.7680, 0.9336, 0.6513, 0.8202, 0.9053, 0.9901,
        0.9704], device='cuda:0')

| Epoch:201   Accuracy:84.90
Recall:
tensor([0.9420, 0.9830, 0.7480, 0.6590, 0.7970, 0.8140, 0.8610, 0.8340, 0.8990,
        0.9530], device='cuda:0')
Precision:
tensor([0.8471, 0.9600, 0.7362, 0.7690, 0.9376, 0.6399, 0.8247, 0.8958, 0.9857,
        0.9705], device='cuda:0')

| Epoch:202   Accuracy:85.17
Recall:
tensor([0.9360, 0.9750, 0.7850, 0.6560, 0.8010, 0.8160, 0.8540, 0.8250, 0.9110,
        0.9580], device='cuda:0')
Precision:
tensor([0.8564, 0.9740, 0.7143, 0.7838, 0.9379, 0.6405, 0.8414, 0.9156, 0.9754,
        0.9657], device='cuda:0')

| Epoch:203   Accuracy:85.15
Recall:
tensor([0.9460, 0.9810, 0.7630, 0.6690, 0.8070, 0.8090, 0.8440, 0.8250, 0.9140,
        0.9570], device='cuda:0')
Precision:
tensor([0.8469, 0.9618, 0.7451, 0.7585, 0.9297, 0.6330, 0.8683, 0.9046, 0.9765,
        0.9657], device='cuda:0')

| Epoch:204   Accuracy:85.16
Recall:
tensor([0.9520, 0.9800, 0.7570, 0.7200, 0.7970, 0.7860, 0.8450, 0.8180, 0.9050,
        0.9560], device='cuda:0')
Precision:
tensor([0.8366, 0.9561, 0.7443, 0.7222, 0.9376, 0.6622, 0.8587, 0.9140, 0.9902,
        0.9627], device='cuda:0')

| Epoch:205   Accuracy:85.47
Recall:
tensor([0.9400, 0.9790, 0.7530, 0.7280, 0.7850, 0.7960, 0.8660, 0.8290, 0.9070,
        0.9640], device='cuda:0')
Precision:
tensor([0.8491, 0.9617, 0.7560, 0.7513, 0.9446, 0.6606, 0.8375, 0.8991, 0.9880,
        0.9640], device='cuda:0')

| Epoch:206   Accuracy:85.12
Recall:
tensor([0.9420, 0.9820, 0.7730, 0.6730, 0.7920, 0.8190, 0.8590, 0.8260, 0.8980,
        0.9480], device='cuda:0')
Precision:
tensor([0.8307, 0.9553, 0.7279, 0.7727, 0.9440, 0.6454, 0.8686, 0.9047, 0.9825,
        0.9664], device='cuda:0')

| Epoch:207   Accuracy:84.69
Recall:
tensor([0.9090, 0.9760, 0.7500, 0.6240, 0.7810, 0.8360, 0.8830, 0.8400, 0.9150,
        0.9550], device='cuda:0')
Precision:
tensor([0.8732, 0.9683, 0.7523, 0.7790, 0.9513, 0.6084, 0.8153, 0.8861, 0.9724,
        0.9686], device='cuda:0')

| Epoch:208   Accuracy:85.56
Recall:
tensor([0.9320, 0.9820, 0.7790, 0.6740, 0.8120, 0.8100, 0.8680, 0.8400, 0.9080,
        0.9510], device='cuda:0')
Precision:
tensor([0.8654, 0.9599, 0.7433, 0.7650, 0.9387, 0.6506, 0.8493, 0.8936, 0.9827,
        0.9754], device='cuda:0')

| Epoch:209   Accuracy:85.20
Recall:
tensor([0.9340, 0.9760, 0.7730, 0.6970, 0.7970, 0.7800, 0.8640, 0.8270, 0.9080,
        0.9640], device='cuda:0')
Precision:
tensor([0.8332, 0.9692, 0.7292, 0.7519, 0.9466, 0.6695, 0.8380, 0.9009, 0.9784,
        0.9630], device='cuda:0')

| Epoch:210   Accuracy:85.30
Recall:
tensor([0.9340, 0.9770, 0.7660, 0.6990, 0.7940, 0.8180, 0.8560, 0.8240, 0.9090,
        0.9530], device='cuda:0')
Precision:
tensor([0.8577, 0.9664, 0.7337, 0.7524, 0.9464, 0.6386, 0.8603, 0.9125, 0.9795,
        0.9715], device='cuda:0')

| Epoch:211   Accuracy:85.41
Recall:
tensor([0.9410, 0.9850, 0.8000, 0.6610, 0.8100, 0.7910, 0.8690, 0.8300, 0.9050,
        0.9490], device='cuda:0')
Precision:
tensor([0.8531, 0.9508, 0.7067, 0.7878, 0.9364, 0.6658, 0.8478, 0.9051, 0.9826,
        0.9743], device='cuda:0')

| Epoch:212   Accuracy:85.10
Recall:
tensor([0.9470, 0.9800, 0.7560, 0.6340, 0.8000, 0.8270, 0.8680, 0.8320, 0.9070,
        0.9590], device='cuda:0')
Precision:
tensor([0.8358, 0.9598, 0.7598, 0.7847, 0.9423, 0.6289, 0.8330, 0.9014, 0.9859,
        0.9648], device='cuda:0')

| Epoch:213   Accuracy:85.11
Recall:
tensor([0.9470, 0.9780, 0.7540, 0.6580, 0.8050, 0.8190, 0.8590, 0.8210, 0.9130,
        0.9570], device='cuda:0')
Precision:
tensor([0.8242, 0.9664, 0.7647, 0.7616, 0.9371, 0.6369, 0.8292, 0.9298, 0.9713,
        0.9716], device='cuda:0')

| Epoch:214   Accuracy:85.16
Recall:
tensor([0.9510, 0.9800, 0.7330, 0.6560, 0.8200, 0.8180, 0.8590, 0.8220, 0.9130,
        0.9640], device='cuda:0')
Precision:
tensor([0.8335, 0.9617, 0.7865, 0.7566, 0.9329, 0.6178, 0.8480, 0.9195, 0.9796,
        0.9650], device='cuda:0')

| Epoch:215   Accuracy:85.41
Recall:
tensor([0.9440, 0.9790, 0.7650, 0.6580, 0.8180, 0.8220, 0.8610, 0.8210, 0.9100,
        0.9630], device='cuda:0')
Precision:
tensor([0.8474, 0.9655, 0.7420, 0.7824, 0.9392, 0.6352, 0.8483, 0.9163, 0.9838,
        0.9640], device='cuda:0')

| Epoch:216   Accuracy:85.90
Recall:
tensor([0.9440, 0.9800, 0.7870, 0.7310, 0.8060, 0.7940, 0.8500, 0.8240, 0.9130,
        0.9610], device='cuda:0')
Precision:
tensor([0.8566, 0.9636, 0.7481, 0.7399, 0.9427, 0.6735, 0.8691, 0.9145, 0.9744,
        0.9697], device='cuda:0')

| Epoch:217   Accuracy:85.47
Recall:
tensor([0.9550, 0.9800, 0.7490, 0.6980, 0.8110, 0.8090, 0.8670, 0.8190, 0.9050,
        0.9540], device='cuda:0')
Precision:
tensor([0.8190, 0.9636, 0.7573, 0.7645, 0.9376, 0.6508, 0.8525, 0.9244, 0.9837,
        0.9695], device='cuda:0')

| Epoch:218   Accuracy:85.64
Recall:
tensor([0.9400, 0.9870, 0.7770, 0.6990, 0.7910, 0.8040, 0.8650, 0.8340, 0.9110,
        0.9560], device='cuda:0')
Precision:
tensor([0.8438, 0.9573, 0.7393, 0.7767, 0.9450, 0.6728, 0.8317, 0.9055, 0.9796,
        0.9745], device='cuda:0')

| Epoch:219   Accuracy:85.69
Recall:
tensor([0.9360, 0.9830, 0.7960, 0.6940, 0.7990, 0.8140, 0.8530, 0.8220, 0.9060,
        0.9660], device='cuda:0')
Precision:
tensor([0.8675, 0.9609, 0.7296, 0.7677, 0.9489, 0.6502, 0.8642, 0.9133, 0.9837,
        0.9650], device='cuda:0')

| Epoch:220   Accuracy:85.78
Recall:
tensor([0.9450, 0.9810, 0.7790, 0.7030, 0.8010, 0.8050, 0.8670, 0.8320, 0.9120,
        0.9530], device='cuda:0')
Precision:
tensor([0.8445, 0.9627, 0.7377, 0.7759, 0.9390, 0.6765, 0.8369, 0.9103, 0.9838,
        0.9724], device='cuda:0')

| Epoch:221   Accuracy:86.03
Recall:
tensor([0.9410, 0.9760, 0.7830, 0.7580, 0.8000, 0.7860, 0.8470, 0.8340, 0.9150,
        0.9630], device='cuda:0')
Precision:
tensor([0.8531, 0.9721, 0.7522, 0.7338, 0.9412, 0.6950, 0.8687, 0.8987, 0.9755,
        0.9659], device='cuda:0')

| Epoch:222   Accuracy:85.62
Recall:
tensor([0.9380, 0.9830, 0.7670, 0.7420, 0.8080, 0.7930, 0.8550, 0.8170, 0.9090,
        0.9500], device='cuda:0')
Precision:
tensor([0.8458, 0.9600, 0.7476, 0.7325, 0.9450, 0.6703, 0.8559, 0.9242, 0.9785,
        0.9714], device='cuda:0')

| Epoch:223   Accuracy:85.46
Recall:
tensor([0.9410, 0.9830, 0.7720, 0.7810, 0.7790, 0.7740, 0.8340, 0.8210, 0.9080,
        0.9530], device='cuda:0')
Precision:
tensor([0.8609, 0.9544, 0.7488, 0.6797, 0.9570, 0.6789, 0.8891, 0.9122, 0.9827,
        0.9715], device='cuda:0')

| Epoch:224   Accuracy:85.28
Recall:
tensor([0.9430, 0.9790, 0.7920, 0.7460, 0.7920, 0.7970, 0.8250, 0.8220, 0.8950,
        0.9370], device='cuda:0')
Precision:
tensor([0.8534, 0.9570, 0.7213, 0.7071, 0.9542, 0.6598, 0.8852, 0.9257, 0.9868,
        0.9822], device='cuda:0')

| Epoch:225   Accuracy:85.07
Recall:
tensor([0.9380, 0.9840, 0.7600, 0.6880, 0.8010, 0.8300, 0.8360, 0.8050, 0.9130,
        0.9520], device='cuda:0')
Precision:
tensor([0.8621, 0.9609, 0.7525, 0.7257, 0.9468, 0.6107, 0.8772, 0.9328, 0.9807,
        0.9734], device='cuda:0')

| Epoch:226   Accuracy:85.37
Recall:
tensor([0.9410, 0.9780, 0.7840, 0.6680, 0.7970, 0.8180, 0.8660, 0.8160, 0.9080,
        0.9610], device='cuda:0')
Precision:
tensor([0.8485, 0.9607, 0.7438, 0.7696, 0.9388, 0.6341, 0.8490, 0.9379, 0.9806,
        0.9649], device='cuda:0')

| Epoch:227   Accuracy:85.69
Recall:
tensor([0.9340, 0.9790, 0.7900, 0.7460, 0.8120, 0.8000, 0.8290, 0.8180, 0.8990,
        0.9620], device='cuda:0')
Precision:
tensor([0.8640, 0.9732, 0.7418, 0.7125, 0.9333, 0.6639, 0.8819, 0.9285, 0.9825,
        0.9717], device='cuda:0')

| Epoch:228   Accuracy:85.92
Recall:
tensor([0.9340, 0.9810, 0.7680, 0.7460, 0.8160, 0.7880, 0.8560, 0.8360, 0.9110,
        0.9560], device='cuda:0')
Precision:
tensor([0.8688, 0.9627, 0.7537, 0.7250, 0.9379, 0.6644, 0.8753, 0.9207, 0.9775,
        0.9715], device='cuda:0')

| Epoch:229   Accuracy:85.78
Recall:
tensor([0.9390, 0.9840, 0.7640, 0.7210, 0.8090, 0.8000, 0.8630, 0.8390, 0.9060,
        0.9530], device='cuda:0')
Precision:
tensor([0.8498, 0.9572, 0.7678, 0.7487, 0.9407, 0.6601, 0.8519, 0.9110, 0.9784,
        0.9754], device='cuda:0')

| Epoch:230   Accuracy:85.81
Recall:
tensor([0.9480, 0.9840, 0.7670, 0.6620, 0.8160, 0.8310, 0.8720, 0.8290, 0.9150,
        0.9570], device='cuda:0')
Precision:
tensor([0.8457, 0.9591, 0.7716, 0.8073, 0.9294, 0.6387, 0.8466, 0.9130, 0.9744,
        0.9736], device='cuda:0')

| Epoch:231   Accuracy:85.35
Recall:
tensor([0.9470, 0.9690, 0.7490, 0.6490, 0.8160, 0.8260, 0.8730, 0.8290, 0.9050,
        0.9720], device='cuda:0')
Precision:
tensor([0.8532, 0.9778, 0.7643, 0.7944, 0.9369, 0.6243, 0.8197, 0.9140, 0.9805,
        0.9595], device='cuda:0')

| Epoch:232   Accuracy:85.19
Recall:
tensor([0.9270, 0.9870, 0.7840, 0.6570, 0.7830, 0.8380, 0.8590, 0.8240, 0.9030,
        0.9570], device='cuda:0')
Precision:
tensor([0.8803, 0.9555, 0.7396, 0.7711, 0.9560, 0.6144, 0.8497, 0.9186, 0.9826,
        0.9647], device='cuda:0')

| Epoch:233   Accuracy:85.61
Recall:
tensor([0.9380, 0.9810, 0.7930, 0.6840, 0.7670, 0.8320, 0.8600, 0.8320, 0.9100,
        0.9640], device='cuda:0')
Precision:
tensor([0.8693, 0.9599, 0.7538, 0.7738, 0.9648, 0.6380, 0.8661, 0.8927, 0.9774,
        0.9563], device='cuda:0')

| Epoch:234   Accuracy:85.67
Recall:
tensor([0.9440, 0.9820, 0.7760, 0.7290, 0.7920, 0.8030, 0.8570, 0.8300, 0.8990,
        0.9550], device='cuda:0')
Precision:
tensor([0.8520, 0.9571, 0.7527, 0.7594, 0.9508, 0.6625, 0.8502, 0.8983, 0.9868,
        0.9676], device='cuda:0')

| Epoch:235   Accuracy:85.79
Recall:
tensor([0.9490, 0.9800, 0.7710, 0.7020, 0.8210, 0.8240, 0.8500, 0.8260, 0.9040,
        0.9520], device='cuda:0')
Precision:
tensor([0.8443, 0.9598, 0.7604, 0.7740, 0.9404, 0.6393, 0.8682, 0.9270, 0.9815,
        0.9704], device='cuda:0')

| Epoch:236   Accuracy:85.44
Recall:
tensor([0.9490, 0.9790, 0.7830, 0.7010, 0.7880, 0.8130, 0.8420, 0.8300, 0.9030,
        0.9560], device='cuda:0')
Precision:
tensor([0.8376, 0.9626, 0.7595, 0.7418, 0.9563, 0.6381, 0.8734, 0.9121, 0.9858,
        0.9696], device='cuda:0')

| Epoch:237   Accuracy:85.99
Recall:
tensor([0.9310, 0.9790, 0.7550, 0.7470, 0.8040, 0.8060, 0.8660, 0.8360, 0.9120,
        0.9630], device='cuda:0')
Precision:
tensor([0.8644, 0.9607, 0.7808, 0.7281, 0.9426, 0.6694, 0.8617, 0.9087, 0.9806,
        0.9640], device='cuda:0')

| Epoch:238   Accuracy:86.00
Recall:
tensor([0.9380, 0.9780, 0.7740, 0.7050, 0.8100, 0.8080, 0.8750, 0.8320, 0.9130,
        0.9670], device='cuda:0')
Precision:
tensor([0.8621, 0.9664, 0.7603, 0.7764, 0.9397, 0.6596, 0.8373, 0.9275, 0.9733,
        0.9603], device='cuda:0')

| Epoch:239   Accuracy:85.83
Recall:
tensor([0.9420, 0.9800, 0.7820, 0.7320, 0.7990, 0.8060, 0.8470, 0.8230, 0.9120,
        0.9600], device='cuda:0')
Precision:
tensor([0.8525, 0.9646, 0.7592, 0.7255, 0.9478, 0.6639, 0.8696, 0.9268, 0.9754,
        0.9736], device='cuda:0')

| Epoch:240   Accuracy:86.12
Recall:
tensor([0.9420, 0.9820, 0.7430, 0.7740, 0.8180, 0.7850, 0.8690, 0.8370, 0.9060,
        0.9560], device='cuda:0')
Precision:
tensor([0.8571, 0.9609, 0.7838, 0.7281, 0.9381, 0.6886, 0.8348, 0.9188, 0.9848,
        0.9715], device='cuda:0')

| Epoch:241   Accuracy:85.46
Recall:
tensor([0.9440, 0.9870, 0.7630, 0.6790, 0.7990, 0.8270, 0.8620, 0.8200, 0.9110,
        0.9540], device='cuda:0')
Precision:
tensor([0.8497, 0.9573, 0.7723, 0.7544, 0.9512, 0.6260, 0.8426, 0.9308, 0.9806,
        0.9775], device='cuda:0')

| Epoch:242   Accuracy:85.85
Recall:
tensor([0.9530, 0.9800, 0.7670, 0.7170, 0.7990, 0.8050, 0.8560, 0.8370, 0.9100,
        0.9610], device='cuda:0')
Precision:
tensor([0.8309, 0.9665, 0.7732, 0.7469, 0.9535, 0.6658, 0.8603, 0.9029, 0.9870,
        0.9649], device='cuda:0')

| Epoch:243   Accuracy:85.75
Recall:
tensor([0.9470, 0.9880, 0.8160, 0.6690, 0.7880, 0.8290, 0.8540, 0.8240, 0.9110,
        0.9490], device='cuda:0')
Precision:
tensor([0.8455, 0.9527, 0.7452, 0.7852, 0.9540, 0.6348, 0.8759, 0.9258, 0.9817,
        0.9773], device='cuda:0')

| Epoch:244   Accuracy:85.64
Recall:
tensor([0.9420, 0.9780, 0.7800, 0.6800, 0.7950, 0.8340, 0.8510, 0.8310, 0.9060,
        0.9670], device='cuda:0')
Precision:
tensor([0.8336, 0.9712, 0.7580, 0.7852, 0.9464, 0.6401, 0.8553, 0.9122, 0.9859,
        0.9670], device='cuda:0')

| Epoch:245   Accuracy:85.29
Recall:
tensor([0.9320, 0.9840, 0.7480, 0.6930, 0.8180, 0.8210, 0.8660, 0.8130, 0.8990,
        0.9550], device='cuda:0')
Precision:
tensor([0.8638, 0.9553, 0.7648, 0.7349, 0.9424, 0.6248, 0.8424, 0.9345, 0.9912,
        0.9715], device='cuda:0')

| Epoch:246   Accuracy:85.16
Recall:
tensor([0.9390, 0.9810, 0.7590, 0.6510, 0.8240, 0.8350, 0.8430, 0.8200, 0.9090,
        0.9550], device='cuda:0')
Precision:
tensor([0.8259, 0.9713, 0.7659, 0.7825, 0.9342, 0.6025, 0.8745, 0.9255, 0.9785,
        0.9715], device='cuda:0')

| Epoch:247   Accuracy:85.67
Recall:
tensor([0.9370, 0.9760, 0.8050, 0.6560, 0.8040, 0.8270, 0.8600, 0.8170, 0.9200,
        0.9650], device='cuda:0')
Precision:
tensor([0.8495, 0.9770, 0.7252, 0.7971, 0.9448, 0.6337, 0.8591, 0.9402, 0.9725,
        0.9718], device='cuda:0')

| Epoch:248   Accuracy:86.07
Recall:
tensor([0.9560, 0.9800, 0.7600, 0.7170, 0.8140, 0.8200, 0.8680, 0.8260, 0.9090,
        0.9570], device='cuda:0')
Precision:
tensor([0.8357, 0.9703, 0.7950, 0.7685, 0.9346, 0.6513, 0.8435, 0.9250, 0.9848,
        0.9745], device='cuda:0')

| Epoch:249   Accuracy:86.55
Recall:
tensor([0.9460, 0.9790, 0.7890, 0.7290, 0.8310, 0.8020, 0.8650, 0.8410, 0.9150,
        0.9580], device='cuda:0')
Precision:
tensor([0.8364, 0.9693, 0.7720, 0.7764, 0.9369, 0.6914, 0.8489, 0.9201, 0.9765,
        0.9766], device='cuda:0')

| Epoch:250   Accuracy:85.67
Recall:
tensor([0.9270, 0.9870, 0.7410, 0.6780, 0.8250, 0.8400, 0.8620, 0.8380, 0.9160,
        0.9530], device='cuda:0')
Precision:
tensor([0.8567, 0.9573, 0.7951, 0.7811, 0.9418, 0.6359, 0.8241, 0.9119, 0.9683,
        0.9734], device='cuda:0')

| Epoch:251   Accuracy:85.31
Recall:
tensor([0.9330, 0.9840, 0.7560, 0.6780, 0.7860, 0.8470, 0.8590, 0.8280, 0.9150,
        0.9450], device='cuda:0')
Precision:
tensor([0.8639, 0.9572, 0.7875, 0.7386, 0.9562, 0.6201, 0.8380, 0.9262, 0.9693,
        0.9813], device='cuda:0')

| Epoch:252   Accuracy:85.49
Recall:
tensor([0.9310, 0.9700, 0.7520, 0.6980, 0.8010, 0.8320, 0.8600, 0.8230, 0.9130,
        0.9690], device='cuda:0')
Precision:
tensor([0.8510, 0.9749, 0.7611, 0.7546, 0.9446, 0.6450, 0.8341, 0.9268, 0.9744,
        0.9651], device='cuda:0')

| Epoch:253   Accuracy:85.86
Recall:
tensor([0.9500, 0.9810, 0.7730, 0.7240, 0.8040, 0.7950, 0.8560, 0.8350, 0.9040,
        0.9640], device='cuda:0')
Precision:
tensor([0.8268, 0.9675, 0.7638, 0.7418, 0.9470, 0.6754, 0.8646, 0.9166, 0.9815,
        0.9630], device='cuda:0')

| Epoch:254   Accuracy:85.88
Recall:
tensor([0.9550, 0.9790, 0.8030, 0.7050, 0.7750, 0.8180, 0.8450, 0.8330, 0.9060,
        0.9690], device='cuda:0')
Precision:
tensor([0.8183, 0.9693, 0.7415, 0.7860, 0.9639, 0.6694, 0.8793, 0.9015, 0.9826,
        0.9594], device='cuda:0')

| Epoch:255   Accuracy:85.83
Recall:
tensor([0.9440, 0.9690, 0.7850, 0.6990, 0.8020, 0.8220, 0.8550, 0.8280, 0.9100,
        0.9690], device='cuda:0')
Precision:
tensor([0.8474, 0.9778, 0.7406, 0.7784, 0.9469, 0.6539, 0.8645, 0.9119, 0.9753,
        0.9661], device='cuda:0')

| Epoch:256   Accuracy:85.91
Recall:
tensor([0.9270, 0.9780, 0.8180, 0.7440, 0.7840, 0.8050, 0.8390, 0.8250, 0.9130,
        0.9580], device='cuda:0')
Precision:
tensor([0.8704, 0.9683, 0.7220, 0.7316, 0.9515, 0.6753, 0.9090, 0.8997, 0.9765,
        0.9736], device='cuda:0')

| Epoch:257   Accuracy:86.09
Recall:
tensor([0.9490, 0.9830, 0.7980, 0.6960, 0.7940, 0.8260, 0.8770, 0.8200, 0.9050,
        0.9610], device='cuda:0')
Precision:
tensor([0.8428, 0.9609, 0.7564, 0.7873, 0.9520, 0.6530, 0.8539, 0.9329, 0.9869,
        0.9707], device='cuda:0')

| Epoch:258   Accuracy:86.12
Recall:
tensor([0.9610, 0.9830, 0.7970, 0.7070, 0.8230, 0.8210, 0.8260, 0.8240, 0.9080,
        0.9620], device='cuda:0')
Precision:
tensor([0.8123, 0.9572, 0.7715, 0.7685, 0.9438, 0.6584, 0.9198, 0.9156, 0.9827,
        0.9659], device='cuda:0')

| Epoch:259   Accuracy:86.07
Recall:
tensor([0.9460, 0.9710, 0.7940, 0.6940, 0.8100, 0.8310, 0.8540, 0.8280, 0.9150,
        0.9640], device='cuda:0')
Precision:
tensor([0.8372, 0.9759, 0.7679, 0.7824, 0.9452, 0.6432, 0.8868, 0.9089, 0.9734,
        0.9728], device='cuda:0')

| Epoch:260   Accuracy:85.43
Recall:
tensor([0.9380, 0.9810, 0.7800, 0.7200, 0.7930, 0.8150, 0.8320, 0.8330, 0.8980,
        0.9530], device='cuda:0')
Precision:
tensor([0.8558, 0.9561, 0.7478, 0.7339, 0.9531, 0.6458, 0.8851, 0.8967, 0.9879,
        0.9705], device='cuda:0')

| Epoch:261   Accuracy:85.73
Recall:
tensor([0.9230, 0.9850, 0.7950, 0.7050, 0.7810, 0.8360, 0.8430, 0.8350, 0.9130,
        0.9570], device='cuda:0')
Precision:
tensor([0.8659, 0.9582, 0.7507, 0.7589, 0.9595, 0.6411, 0.8700, 0.9086, 0.9796,
        0.9765], device='cuda:0')

| Epoch:262   Accuracy:85.85
Recall:
tensor([0.9520, 0.9750, 0.8020, 0.6770, 0.8060, 0.8150, 0.8490, 0.8350, 0.9140,
        0.9600], device='cuda:0')
Precision:
tensor([0.8293, 0.9692, 0.7344, 0.8108, 0.9460, 0.6546, 0.8628, 0.9136, 0.9796,
        0.9687], device='cuda:0')

| Epoch:263   Accuracy:85.80
Recall:
tensor([0.9510, 0.9780, 0.7640, 0.7200, 0.8220, 0.8230, 0.8500, 0.8140, 0.9050,
        0.9530], device='cuda:0')
Precision:
tensor([0.8291, 0.9654, 0.7796, 0.7453, 0.9362, 0.6485, 0.8763, 0.9271, 0.9848,
        0.9724], device='cuda:0')

| Epoch:264   Accuracy:85.41
Recall:
tensor([0.9490, 0.9820, 0.7310, 0.6290, 0.8190, 0.8420, 0.8550, 0.8630, 0.9160,
        0.9550], device='cuda:0')
Precision:
tensor([0.8406, 0.9543, 0.8086, 0.7982, 0.9286, 0.6124, 0.8516, 0.8833, 0.9818,
        0.9755], device='cuda:0')

| Epoch:265   Accuracy:85.74
Recall:
tensor([0.9370, 0.9790, 0.7720, 0.6540, 0.8020, 0.8570, 0.8580, 0.8360, 0.9110,
        0.9680], device='cuda:0')
Precision:
tensor([0.8472, 0.9683, 0.7774, 0.7985, 0.9458, 0.6265, 0.8623, 0.8970, 0.9838,
        0.9661], device='cuda:0')

| Epoch:266   Accuracy:85.58
Recall:
tensor([0.9410, 0.9840, 0.7610, 0.6810, 0.8140, 0.8270, 0.8570, 0.8290, 0.9110,
        0.9530], device='cuda:0')
Precision:
tensor([0.8417, 0.9600, 0.7734, 0.7739, 0.9389, 0.6299, 0.8536, 0.9120, 0.9827,
        0.9794], device='cuda:0')

| Epoch:267   Accuracy:85.71
Recall:
tensor([0.9270, 0.9850, 0.7750, 0.7160, 0.7780, 0.8280, 0.8630, 0.8340, 0.9070,
        0.9580], device='cuda:0')
Precision:
tensor([0.8639, 0.9554, 0.7502, 0.7732, 0.9523, 0.6603, 0.8266, 0.9065, 0.9880,
        0.9736], device='cuda:0')

| Epoch:268   Accuracy:86.27
Recall:
tensor([0.9430, 0.9800, 0.7860, 0.7240, 0.8020, 0.8210, 0.8500, 0.8370, 0.9170,
        0.9670], device='cuda:0')
Precision:
tensor([0.8495, 0.9674, 0.7744, 0.7557, 0.9446, 0.6746, 0.8682, 0.9078, 0.9807,
        0.9651], device='cuda:0')

| Epoch:269   Accuracy:85.84
Recall:
tensor([0.9350, 0.9820, 0.7900, 0.6990, 0.7920, 0.8160, 0.8600, 0.8430, 0.9080,
        0.9590], device='cuda:0')
Precision:
tensor([0.8523, 0.9553, 0.7517, 0.7758, 0.9485, 0.6689, 0.8415, 0.9035, 0.9816,
        0.9706], device='cuda:0')

| Epoch:270   Accuracy:85.81
Recall:
tensor([0.9500, 0.9830, 0.7930, 0.7180, 0.8070, 0.8100, 0.8290, 0.8310, 0.9070,
        0.9530], device='cuda:0')
Precision:
tensor([0.8574, 0.9590, 0.7502, 0.7402, 0.9450, 0.6634, 0.8782, 0.9072, 0.9805,
        0.9724], device='cuda:0')

| Epoch:271   Accuracy:85.50
Recall:
tensor([0.9390, 0.9810, 0.7820, 0.6940, 0.8000, 0.8230, 0.8560, 0.8160, 0.9000,
        0.9590], device='cuda:0')
Precision:
tensor([0.8599, 0.9618, 0.7448, 0.7543, 0.9412, 0.6430, 0.8433, 0.9315, 0.9858,
        0.9746], device='cuda:0')

| Epoch:272   Accuracy:86.33
Recall:
tensor([0.9490, 0.9800, 0.7760, 0.7360, 0.8350, 0.7930, 0.8540, 0.8250, 0.9130,
        0.9720], device='cuda:0')
Precision:
tensor([0.8281, 0.9674, 0.7668, 0.7549, 0.9257, 0.6981, 0.8574, 0.9386, 0.9828,
        0.9605], device='cuda:0')

| Epoch:273   Accuracy:85.93
Recall:
tensor([0.9510, 0.9830, 0.7880, 0.7210, 0.8160, 0.7890, 0.8530, 0.8320, 0.9020,
        0.9580], device='cuda:0')
Precision:
tensor([0.8184, 0.9618, 0.7469, 0.7646, 0.9336, 0.6837, 0.8599, 0.9255, 0.9869,
        0.9726], device='cuda:0')

| Epoch:274   Accuracy:86.00
Recall:
tensor([0.9510, 0.9840, 0.7900, 0.7230, 0.8020, 0.8010, 0.8550, 0.8400, 0.9080,
        0.9460], device='cuda:0')
Precision:
tensor([0.8335, 0.9657, 0.7596, 0.7659, 0.9369, 0.6870, 0.8440, 0.9013, 0.9806,
        0.9823], device='cuda:0')

| Epoch:275   Accuracy:86.07
Recall:
tensor([0.9580, 0.9850, 0.7490, 0.6940, 0.8260, 0.8160, 0.8670, 0.8360, 0.9100,
        0.9660], device='cuda:0')
Precision:
tensor([0.8132, 0.9629, 0.8132, 0.7789, 0.9354, 0.6656, 0.8337, 0.9177, 0.9774,
        0.9699], device='cuda:0')

| Epoch:276   Accuracy:85.79
Recall:
tensor([0.9310, 0.9800, 0.7750, 0.6860, 0.7970, 0.8290, 0.8730, 0.8330, 0.9100,
        0.9650], device='cuda:0')
Precision:
tensor([0.8734, 0.9703, 0.7727, 0.7725, 0.9388, 0.6367, 0.8435, 0.9005, 0.9827,
        0.9689], device='cuda:0')

| Epoch:277   Accuracy:86.15
Recall:
tensor([0.9450, 0.9850, 0.7640, 0.7210, 0.7970, 0.8050, 0.8780, 0.8390, 0.9130,
        0.9680], device='cuda:0')
Precision:
tensor([0.8498, 0.9695, 0.7917, 0.7622, 0.9410, 0.6816, 0.8077, 0.9070, 0.9849,
        0.9738], device='cuda:0')

| Epoch:278   Accuracy:85.97
Recall:
tensor([0.9400, 0.9860, 0.7710, 0.7340, 0.8080, 0.8230, 0.8680, 0.8170, 0.8990,
        0.9510], device='cuda:0')
Precision:
tensor([0.8514, 0.9564, 0.7733, 0.7575, 0.9406, 0.6648, 0.8306, 0.9305, 0.9901,
        0.9794], device='cuda:0')

| Epoch:279   Accuracy:86.14
Recall:
tensor([0.9330, 0.9780, 0.7690, 0.7300, 0.7900, 0.8290, 0.8750, 0.8260, 0.9160,
        0.9680], device='cuda:0')
Precision:
tensor([0.8607, 0.9741, 0.7736, 0.7725, 0.9530, 0.6585, 0.8413, 0.9117, 0.9776,
        0.9661], device='cuda:0')

| Epoch:280   Accuracy:86.16
Recall:
tensor([0.9340, 0.9880, 0.7710, 0.7650, 0.7990, 0.8090, 0.8380, 0.8370, 0.9180,
        0.9570], device='cuda:0')
Precision:
tensor([0.8585, 0.9527, 0.7998, 0.7210, 0.9478, 0.6703, 0.8821, 0.9068, 0.9725,
        0.9736], device='cuda:0')

| Epoch:281   Accuracy:86.31
Recall:
tensor([0.9380, 0.9850, 0.8180, 0.7440, 0.8120, 0.8110, 0.8420, 0.8190, 0.9120,
        0.9500], device='cuda:0')
Precision:
tensor([0.8661, 0.9591, 0.7505, 0.7337, 0.9486, 0.6669, 0.8938, 0.9339, 0.9828,
        0.9824], device='cuda:0')

| Epoch:282   Accuracy:86.03
Recall:
tensor([0.9380, 0.9840, 0.7970, 0.6920, 0.8020, 0.8120, 0.8620, 0.8420, 0.9140,
        0.9600], device='cuda:0')
Precision:
tensor([0.8629, 0.9666, 0.7470, 0.7775, 0.9514, 0.6548, 0.8569, 0.8996, 0.9807,
        0.9786], device='cuda:0')

| Epoch:283   Accuracy:86.21
Recall:
tensor([0.9540, 0.9880, 0.7540, 0.7040, 0.8240, 0.8320, 0.8620, 0.8400, 0.9080,
        0.9550], device='cuda:0')
Precision:
tensor([0.8472, 0.9592, 0.7962, 0.7694, 0.9460, 0.6490, 0.8501, 0.9121, 0.9880,
        0.9795], device='cuda:0')

| Epoch:284   Accuracy:86.42
Recall:
tensor([0.9390, 0.9840, 0.7860, 0.6960, 0.8220, 0.8240, 0.8740, 0.8450, 0.9140,
        0.9580], device='cuda:0')
Precision:
tensor([0.8615, 0.9619, 0.7813, 0.7873, 0.9427, 0.6749, 0.8269, 0.9165, 0.9755,
        0.9696], device='cuda:0')

| Epoch:285   Accuracy:85.62
Recall:
tensor([0.9570, 0.9910, 0.7910, 0.6850, 0.8160, 0.8040, 0.8560, 0.8230, 0.8990,
        0.9400], device='cuda:0')
Precision:
tensor([0.8124, 0.9331, 0.7562, 0.7865, 0.9455, 0.6711, 0.8425, 0.9289, 0.9847,
        0.9721], device='cuda:0')

| Epoch:286   Accuracy:85.15
Recall:
tensor([0.9440, 0.9790, 0.7630, 0.6210, 0.8150, 0.8430, 0.8680, 0.8300, 0.9050,
        0.9470], device='cuda:0')
Precision:
tensor([0.8354, 0.9589, 0.7645, 0.8247, 0.9379, 0.6153, 0.8189, 0.9121, 0.9826,
        0.9783], device='cuda:0')

| Epoch:287   Accuracy:85.44
Recall:
tensor([0.9410, 0.9820, 0.7700, 0.6390, 0.7950, 0.8620, 0.8650, 0.8230, 0.9100,
        0.9570], device='cuda:0')
Precision:
tensor([0.8601, 0.9637, 0.7946, 0.7918, 0.9521, 0.6011, 0.8325, 0.9196, 0.9838,
        0.9736], device='cuda:0')

| Epoch:288   Accuracy:85.63
Recall:
tensor([0.9480, 0.9790, 0.7840, 0.6850, 0.7820, 0.8490, 0.8370, 0.8300, 0.9090,
        0.9600], device='cuda:0')
Precision:
tensor([0.8367, 0.9683, 0.7664, 0.7679, 0.9502, 0.6350, 0.8665, 0.9202, 0.9795,
        0.9746], device='cuda:0')

| Epoch:289   Accuracy:86.06
Recall:
tensor([0.9550, 0.9780, 0.7960, 0.6930, 0.8070, 0.8190, 0.8580, 0.8310, 0.9050,
        0.9640], device='cuda:0')
Precision:
tensor([0.8304, 0.9722, 0.7559, 0.7893, 0.9483, 0.6495, 0.8649, 0.9275, 0.9805,
        0.9737], device='cuda:0')

| Epoch:290   Accuracy:85.68
Recall:
tensor([0.9300, 0.9860, 0.7440, 0.6740, 0.8080, 0.8400, 0.8740, 0.8410, 0.9090,
        0.9620], device='cuda:0')
Precision:
tensor([0.8579, 0.9545, 0.8035, 0.7774, 0.9428, 0.6218, 0.8461, 0.9062, 0.9774,
        0.9707], device='cuda:0')

| Epoch:291   Accuracy:85.63
Recall:
tensor([0.9540, 0.9850, 0.7900, 0.6270, 0.8090, 0.8430, 0.8480, 0.8490, 0.9000,
        0.9580], device='cuda:0')
Precision:
tensor([0.8332, 0.9600, 0.7700, 0.8196, 0.9385, 0.6180, 0.8662, 0.9051, 0.9901,
        0.9716], device='cuda:0')

| Epoch:292   Accuracy:85.06
Recall:
tensor([0.9340, 0.9820, 0.7990, 0.6360, 0.7740, 0.8320, 0.8460, 0.8510, 0.9060,
        0.9460], device='cuda:0')
Precision:
tensor([0.8537, 0.9534, 0.7364, 0.8000, 0.9509, 0.6095, 0.8704, 0.8892, 0.9816,
        0.9803], device='cuda:0')

| Epoch:293   Accuracy:86.16
Recall:
tensor([0.9360, 0.9770, 0.8210, 0.6690, 0.8230, 0.8210, 0.8610, 0.8300, 0.9110,
        0.9670], device='cuda:0')
Precision:
tensor([0.8603, 0.9673, 0.7498, 0.8080, 0.9384, 0.6444, 0.8653, 0.9202, 0.9764,
        0.9689], device='cuda:0')

| Epoch:294   Accuracy:85.67
Recall:
tensor([0.9370, 0.9780, 0.7850, 0.6360, 0.8190, 0.8350, 0.8490, 0.8430, 0.9150,
        0.9700], device='cuda:0')
Precision:
tensor([0.8374, 0.9683, 0.7469, 0.8217, 0.9328, 0.6297, 0.8780, 0.9104, 0.9724,
        0.9623], device='cuda:0')

| Epoch:295   Accuracy:86.04
Recall:
tensor([0.9400, 0.9710, 0.8130, 0.6430, 0.8090, 0.8210, 0.8770, 0.8420, 0.9170,
        0.9710], device='cuda:0')
Precision:
tensor([0.8461, 0.9739, 0.7528, 0.8286, 0.9429, 0.6610, 0.8449, 0.8986, 0.9622,
        0.9633], device='cuda:0')

| Epoch:296   Accuracy:86.45
Recall:
tensor([0.9270, 0.9810, 0.7990, 0.7100, 0.8340, 0.8170, 0.8590, 0.8440, 0.9180,
        0.9560], device='cuda:0')
Precision:
tensor([0.8607, 0.9561, 0.7690, 0.7871, 0.9350, 0.6546, 0.8792, 0.9254, 0.9704,
        0.9745], device='cuda:0')

| Epoch:297   Accuracy:86.37
Recall:
tensor([0.9290, 0.9810, 0.8050, 0.7180, 0.8260, 0.8290, 0.8390, 0.8450, 0.9040,
        0.9610], device='cuda:0')
Precision:
tensor([0.8650, 0.9656, 0.7733, 0.7574, 0.9365, 0.6533, 0.8964, 0.9067, 0.9869,
        0.9746], device='cuda:0')

| Epoch:298   Accuracy:85.72
Recall:
tensor([0.9380, 0.9820, 0.7890, 0.6920, 0.7940, 0.8290, 0.8500, 0.8350, 0.9040,
        0.9590], device='cuda:0')
Precision:
tensor([0.8543, 0.9609, 0.7631, 0.7697, 0.9475, 0.6319, 0.8682, 0.9076, 0.9880,
        0.9756], device='cuda:0')

| Epoch:299   Accuracy:85.02
Recall:
tensor([0.9420, 0.9880, 0.7680, 0.6830, 0.7660, 0.8470, 0.8360, 0.8140, 0.9110,
        0.9470], device='cuda:0')
Precision:
tensor([0.8464, 0.9527, 0.7688, 0.7440, 0.9611, 0.6111, 0.8754, 0.9156, 0.9796,
        0.9703], device='cuda:0')

| Epoch:300   Accuracy:85.79
Recall:
tensor([0.9450, 0.9840, 0.7760, 0.7030, 0.7730, 0.8220, 0.8640, 0.8430, 0.9120,
        0.9570], device='cuda:0')
Precision:
tensor([0.8568, 0.9581, 0.7752, 0.7658, 0.9543, 0.6498, 0.8421, 0.9045, 0.9796,
        0.9696], device='cuda:0')
